8.660663604736328,50.06095886230469
8.660667419433594,50.06095886230469
8.660672187805176,50.06095886230469
8.660676002502441,50.06095886230469
8.660680770874023,50.06095886230469
8.660684585571289,50.06095886230469
8.660689353942871,50.06095886230469
8.660693168640137,50.06095886230469
8.660696983337402,50.06095886230469
8.660700798034668,50.06096267700195
8.660704612731934,50.06096267700195
8.660709381103516,50.06096267700195
8.660713195800781,50.06096267700195
8.660717010498047,50.06096267700195
8.660720825195312,50.06096267700195
8.660723686218262,50.06096649169922
8.660727500915527,50.06096649169922
8.660731315612793,50.06096649169922
8.660735130310059,50.06096649169922
8.660738945007324,50.06096649169922
8.66074275970459,50.06096649169922
8.660746574401855,50.060970306396484
8.660750389099121,50.060970306396484
8.660754203796387,50.060970306396484
8.660758018493652,50.060970306396484
8.660761833190918,50.060970306396484
8.660765647888184,50.060970306396484
8.66076946258545,50.060970306396484
8.660773277282715,50.06097412109375
8.660776138305664,50.06097412109375
8.66077995300293,50.06097412109375
8.660782814025879,50.06097412109375
8.660786628723145,50.06097412109375
8.660789489746094,50.06097412109375
8.660792350769043,50.06097412109375
8.660795211791992,50.06097412109375
8.660798072814941,50.060977935791016
8.66080093383789,50.060977935791016
8.66080379486084,50.060977935791016
8.660806655883789,50.060977935791016
8.660809516906738,50.060977935791016
8.660813331604004,50.060977935791016
8.660816192626953,50.060977935791016
8.660819053649902,50.06098175048828
8.660821914672852,50.06098175048828
8.6608247756958,50.06098175048828
8.660828590393066,50.06098175048828
8.660831451416016,50.06098175048828
8.660834312438965,50.06098175048828
8.660837173461914,50.06098175048828
8.66084098815918,50.06098175048828
8.660843849182129,50.06098175048828
8.660847663879395,50.06098175048828
8.660850524902344,50.06098175048828
8.660853385925293,50.06098556518555
8.660857200622559,50.06098556518555
8.660860061645508,50.06098556518555
8.660863876342773,50.06098556518555
8.660866737365723,50.06098556518555
8.660870552062988,50.06098556518555
8.660873413085938,50.06098556518555
8.660877227783203,50.06098556518555
8.660880088806152,50.06098556518555
8.660883903503418,50.06098556518555
8.660887718200684,50.06098937988281
8.660890579223633,50.06098937988281
8.660894393920898,50.06098937988281
8.660898208618164,50.06098937988281
8.660901069641113,50.06098937988281
8.660904884338379,50.06098937988281
8.660908699035645,50.06098937988281
8.66091251373291,50.06098937988281
8.66091537475586,50.06098937988281
8.660919189453125,50.06098937988281
8.66092300415039,50.06098937988281
8.660926818847656,50.06098937988281
8.660930633544922,50.06098937988281
8.660933494567871,50.06099319458008
8.660937309265137,50.06099319458008
8.660941123962402,50.06099319458008
8.660944938659668,50.06099319458008
8.660948753356934,50.06099319458008
8.6609525680542,50.06099319458008
8.660956382751465,50.06099319458008
8.66096019744873,50.06099319458008
8.660964012145996,50.06099319458008
8.660967826843262,50.06099319458008
8.660971641540527,50.06099319458008
8.66097640991211,50.06099319458008
8.660980224609375,50.06099319458008
8.66098403930664,50.06099319458008
8.660987854003906,50.060997009277344
8.660991668701172,50.060997009277344
8.660996437072754,50.060997009277344
8.66100025177002,50.060997009277344
8.661004066467285,50.060997009277344
8.66100788116455,50.060997009277344
8.661012649536133,50.060997009277344
8.661016464233398,50.060997009277344
8.66102123260498,50.060997009277344
8.661025047302246,50.060997009277344
8.661029815673828,50.060997009277344
8.661033630371094,50.060997009277344
8.661038398742676,50.060997009277344
8.661042213439941,50.060997009277344
8.661046028137207,50.060997009277344
8.661050796508789,50.060997009277344
8.661054611206055,50.060997009277344
8.661059379577637,50.060997009277344
8.661063194274902,50.060997009277344
8.661067962646484,50.060997009277344
8.661072731018066,50.060997009277344
8.661077499389648,50.060997009277344
8.66108226776123,50.060997009277344
8.661087036132812,50.060997009277344
8.661091804504395,50.060997009277344
8.661096572875977,50.060997009277344
8.661101341247559,50.060997009277344
8.66110610961914,50.060997009277344
8.661110877990723,50.060997009277344
8.661116600036621,50.060997009277344
8.661121368408203,50.060997009277344
8.661126136779785,50.060997009277344
8.661130905151367,50.060997009277344
8.661136627197266,50.060997009277344
8.661141395568848,50.060997009277344
8.66114616394043,50.060997009277344
8.661151885986328,50.060997009277344
8.66115665435791,50.060997009277344
8.661162376403809,50.060997009277344
8.66116714477539,50.06100082397461
8.661171913146973,50.06100082397461
8.661177635192871,50.06100082397461
8.661182403564453,50.06100082397461
8.661188125610352,50.06100082397461
8.661192893981934,50.06100082397461
8.661198616027832,50.06100082397461
8.66120433807373,50.06100082397461
8.661209106445312,50.06100082397461
8.661214828491211,50.06100082397461
8.66122055053711,50.06100082397461
8.661225318908691,50.06100082397461
8.66123104095459,50.06100082397461
8.661236763000488,50.06100082397461
8.66124153137207,50.06100082397461
8.661247253417969,50.06100082397461
8.661252975463867,50.06100082397461
8.661258697509766,50.06100082397461
8.661264419555664,50.06100082397461
8.661270141601562,50.06100082397461
8.661275863647461,50.06100082397461
8.66128158569336,50.06100082397461
8.661287307739258,50.06100082397461
8.661293029785156,50.06100082397461
8.661298751831055,50.06100082397461
8.661304473876953,50.06100082397461
8.661311149597168,50.06100082397461
8.661316871643066,50.06100082397461
8.661322593688965,50.06100082397461
8.66132926940918,50.06100082397461
8.661334991455078,50.06100082397461
8.661340713500977,50.06100082397461
8.661347389221191,50.06100082397461
8.66135311126709,50.06100082397461
8.661359786987305,50.06100082397461
8.661365509033203,50.06100082397461
8.661372184753418,50.06100082397461
8.661378860473633,50.06100082397461
8.661384582519531,50.06100082397461
8.661391258239746,50.06100082397461
8.661397933959961,50.06100082397461
8.66140365600586,50.06100082397461
8.661410331726074,50.06100082397461
8.661417007446289,50.06100082397461
8.661423683166504,50.061004638671875
8.661430358886719,50.061004638671875
8.661437034606934,50.061004638671875
8.661443710327148,50.061004638671875
8.661450386047363,50.061004638671875
8.661457061767578,50.061004638671875
8.661462783813477,50.061004638671875
8.661469459533691,50.061004638671875
8.661476135253906,50.061004638671875
8.661482810974121,50.061004638671875
8.661489486694336,50.061004638671875
8.661497116088867,50.061004638671875
8.661503791809082,50.061004638671875
8.661510467529297,50.061004638671875
8.661518096923828,50.061004638671875
8.661524772644043,50.061004638671875
8.661531448364258,50.061004638671875
8.661539077758789,50.061004638671875
8.661545753479004,50.061004638671875
8.661553382873535,50.061004638671875
8.66156005859375,50.061004638671875
8.661567687988281,50.061004638671875
8.661575317382812,50.061004638671875
8.661581993103027,50.061004638671875
8.661589622497559,50.061004638671875
8.661596298217773,50.061004638671875
8.661603927612305,50.061004638671875
8.661611557006836,50.061004638671875
8.661619186401367,50.061004638671875
8.661625862121582,50.061004638671875
8.661633491516113,50.061004638671875
8.661641120910645,50.061004638671875
8.661648750305176,50.061004638671875
8.661656379699707,50.061004638671875
8.661663055419922,50.061004638671875
8.661670684814453,50.061004638671875
8.661678314208984,50.061004638671875
8.661685943603516,50.061004638671875
8.661693572998047,50.061004638671875
8.661701202392578,50.061004638671875
8.66170883178711,50.061004638671875
8.66171646118164,50.061004638671875
8.661724090576172,50.061004638671875
8.661731719970703,50.061004638671875
8.661739349365234,50.061004638671875
8.661746978759766,50.061004638671875
8.661754608154297,50.061004638671875
8.661762237548828,50.061004638671875
8.66176986694336,50.061004638671875
8.661778450012207,50.061004638671875
8.661786079406738,50.061004638671875
8.66179370880127,50.061004638671875
8.6618013381958,50.06100845336914
8.661808967590332,50.06100845336914
8.66181755065918,50.06100845336914
8.661825180053711,50.06100845336914
8.661832809448242,50.06100845336914
8.66184139251709,50.06100845336914
8.661849021911621,50.06100845336914
8.661856651306152,50.06100845336914
8.661865234375,50.06100845336914
8.661872863769531,50.06100845336914
8.661880493164062,50.06100845336914
8.66188907623291,50.06100845336914
8.661896705627441,50.06100845336914
8.661905288696289,50.06100845336914
8.66191291809082,50.06100845336914
8.661921501159668,50.06100845336914
8.6619291305542,50.06100845336914
8.661937713623047,50.06100845336914
8.661946296691895,50.06100845336914
8.661953926086426,50.06100845336914
8.661962509155273,50.06100845336914
8.661971092224121,50.06100845336914
8.661978721618652,50.06100845336914
8.6619873046875,50.06100845336914
8.661995887756348,50.06100845336914
8.662003517150879,50.06100845336914
8.662012100219727,50.06100845336914
8.662020683288574,50.06100845336914
8.662029266357422,50.06100845336914
8.662036895751953,50.06100845336914
8.6620454788208,50.06100845336914
8.662054061889648,50.06100845336914
8.662062644958496,50.06100845336914
8.662071228027344,50.06100845336914
8.662078857421875,50.06100845336914
8.662087440490723,50.06100845336914
8.66209602355957,50.06100845336914
8.662104606628418,50.06100845336914
8.662113189697266,50.06100845336914
8.662121772766113,50.06100845336914
8.662130355834961,50.06100845336914
8.662138938903809,50.06100845336914
8.662147521972656,50.06100845336914
8.662156105041504,50.06100845336914
8.662164688110352,50.06100845336914
8.6621732711792,50.06100845336914
8.662181854248047,50.06100845336914
8.662190437316895,50.06100845336914
8.662199020385742,50.06100845336914
8.66220760345459,50.06100845336914
8.662216186523438,50.06100845336914
8.662224769592285,50.06100845336914
8.66223430633545,50.06100845336914
8.662242889404297,50.06100845336914
8.662251472473145,50.06100845336914
8.662260055541992,50.06100845336914
8.66226863861084,50.06100845336914
8.662278175354004,50.06100845336914
8.662286758422852,50.061012268066406
8.6622953414917,50.061012268066406
8.662303924560547,50.061012268066406
8.662312507629395,50.061012268066406
8.662322044372559,50.061012268066406
8.662330627441406,50.061012268066406
8.662339210510254,50.061012268066406
8.662348747253418,50.061012268066406
8.662357330322266,50.061012268066406
8.662365913391113,50.061012268066406
8.662375450134277,50.061012268066406
8.662384033203125,50.061012268066406
8.662393569946289,50.061012268066406
8.662402153015137,50.061012268066406
8.6624116897583,50.061012268066406
8.662420272827148,50.061012268066406
8.662429809570312,50.061012268066406
8.66243839263916,50.061012268066406
8.662447929382324,50.061012268066406
8.662456512451172,50.061012268066406
8.662466049194336,50.061012268066406
8.662474632263184,50.061012268066406
8.662484169006348,50.061012268066406
8.662492752075195,50.061012268066406
8.66250228881836,50.061012268066406
8.662511825561523,50.061012268066406
8.662520408630371,50.061012268066406
8.662529945373535,50.061012268066406
8.6625394821167,50.061012268066406
8.662548065185547,50.061012268066406
8.662557601928711,50.061012268066406
8.662567138671875,50.061012268066406
8.662575721740723,50.06101608276367
8.662585258483887,50.06101608276367
8.66259479522705,50.06101608276367
8.662604331970215,50.06101608276367
8.662613868713379,50.06101608276367
8.662622451782227,50.06101608276367
8.66263198852539,50.06101608276367
8.662641525268555,50.06101608276367
8.662651062011719,50.06101608276367
8.662660598754883,50.06101608276367
8.662670135498047,50.06101608276367
8.662679672241211,50.06101608276367
8.662689208984375,50.06101608276367
8.662697792053223,50.06101608276367
8.662707328796387,50.06101989746094
8.66271686553955,50.06101989746094
8.662726402282715,50.06101989746094
8.662735939025879,50.06101989746094
8.662745475769043,50.06101989746094
8.662755012512207,50.06101989746094
8.662764549255371,50.06101989746094
8.662774085998535,50.06101989746094
8.662784576416016,50.06101989746094
8.66279411315918,50.06101989746094
8.662803649902344,50.06101989746094
8.662813186645508,50.0610237121582
8.662822723388672,50.0610237121582
8.662832260131836,50.0610237121582
8.662841796875,50.0610237121582
8.66285228729248,50.0610237121582
8.662861824035645,50.0610237121582
8.662871360778809,50.0610237121582
8.662880897521973,50.0610237121582
8.662890434265137,50.0610237121582
8.662900924682617,50.0610237121582
8.662910461425781,50.06102752685547
8.662919998168945,50.06102752685547
8.662930488586426,50.06102752685547
8.66294002532959,50.06102752685547
8.662949562072754,50.06102752685547
8.662960052490234,50.06102752685547
8.662969589233398,50.06102752685547
8.662979125976562,50.06102752685547
8.662989616394043,50.06102752685547
8.662999153137207,50.06102752685547
8.663009643554688,50.06102752685547
8.663019180297852,50.06102752685547
8.663029670715332,50.06102752685547
8.663039207458496,50.061031341552734
8.663049697875977,50.061031341552734
8.66305923461914,50.061031341552734
8.663069725036621,50.061031341552734
8.663079261779785,50.061031341552734
8.663089752197266,50.061031341552734
8.66309928894043,50.061031341552734
8.66310977935791,50.061031341552734
8.66312026977539,50.061031341552734
8.663129806518555,50.061031341552734
8.663140296936035,50.061031341552734
8.6631498336792,50.061031341552734
8.66316032409668,50.061031341552734
8.66317081451416,50.061031341552734
8.663180351257324,50.061031341552734
8.663190841674805,50.06103515625
8.663201332092285,50.06103515625
8.663211822509766,50.06103515625
8.66322135925293,50.06103515625
8.66323184967041,50.06103515625
8.66324234008789,50.06103515625
8.663252830505371,50.06103515625
8.663263320922852,50.06103515625
8.663273811340332,50.06103515625
8.663283348083496,50.06103515625
8.663293838500977,50.06103515625
8.663304328918457,50.06103515625
8.663314819335938,50.06103515625
8.663325309753418,50.06103515625
8.663335800170898,50.06103515625
8.663346290588379,50.06103515625
8.66335678100586,50.061038970947266
8.66336727142334,50.061038970947266
8.66337776184082,50.061038970947266
8.6633882522583,50.061038970947266
8.663399696350098,50.061038970947266
8.663410186767578,50.061038970947266
8.663420677185059,50.061038970947266
8.663431167602539,50.061038970947266
8.66344165802002,50.061038970947266
8.6634521484375,50.061038970947266
8.663463592529297,50.061038970947266
8.663474082946777,50.061038970947266
8.663484573364258,50.061038970947266
8.663495063781738,50.061038970947266
8.663505554199219,50.061038970947266
8.663516998291016,50.061038970947266
8.663527488708496,50.061038970947266
8.663537979125977,50.061038970947266
8.663549423217773,50.061038970947266
8.663559913635254,50.061038970947266
8.663570404052734,50.061038970947266
8.663580894470215,50.06104278564453
8.663592338562012,50.06104278564453
8.663602828979492,50.06104278564453
8.663613319396973,50.06104278564453
8.66362476348877,50.06104278564453
8.66363525390625,50.06104278564453
8.66364574432373,50.06104278564453
8.663657188415527,50.06104278564453
8.663667678833008,50.06104278564453
8.663679122924805,50.06104278564453
8.663689613342285,50.06104278564453
8.663701057434082,50.06104278564453
8.663712501525879,50.06104278564453
8.66372299194336,50.06104278564453
8.663734436035156,50.06104278564453
8.663744926452637,50.06104278564453
8.663756370544434,50.06104278564453
8.66376781463623,50.06104278564453
8.663778305053711,50.06104278564453
8.663789749145508,50.06104278564453
8.663801193237305,50.06104278564453
8.663811683654785,50.0610466003418
8.663823127746582,50.0610466003418
8.663834571838379,50.0610466003418
8.663846015930176,50.0610466003418
8.663856506347656,50.0610466003418
8.663867950439453,50.0610466003418
8.66387939453125,50.0610466003418
8.663890838623047,50.0610466003418
8.663902282714844,50.0610466003418
8.663912773132324,50.0610466003418
8.663924217224121,50.0610466003418
8.663935661315918,50.0610466003418
8.663947105407715,50.0610466003418
8.663958549499512,50.0610466003418
8.663969993591309,50.0610466003418
8.663980484008789,50.0610466003418
8.663991928100586,50.0610466003418
8.664003372192383,50.0610466003418
8.66401481628418,50.06105041503906
8.664026260375977,50.06105041503906
8.664037704467773,50.06105041503906
8.66404914855957,50.06105041503906
8.664060592651367,50.06105041503906
8.664072036743164,50.06105041503906
8.664083480834961,50.06105041503906
8.664094924926758,50.06105041503906
8.664106369018555,50.06105041503906
8.664117813110352,50.06105041503906
8.664129257202148,50.06105041503906
8.664140701293945,50.06105041503906
8.664152145385742,50.06105422973633
8.664163589477539,50.06105422973633
8.664175033569336,50.06105422973633
8.664186477661133,50.06105422973633
8.66419792175293,50.06105422973633
8.664209365844727,50.06105422973633
8.664220809936523,50.06105422973633
8.664233207702637,50.06105422973633
8.664244651794434,50.06105422973633
8.66425609588623,50.06105422973633
8.664267539978027,50.06105422973633
8.664278984069824,50.061058044433594
8.664290428161621,50.061058044433594
8.664301872253418,50.061058044433594
8.664314270019531,50.061058044433594
8.664325714111328,50.061058044433594
8.664337158203125,50.061058044433594
8.664348602294922,50.061058044433594
8.664361000061035,50.061058044433594
8.664372444152832,50.061058044433594
8.664383888244629,50.061058044433594
8.664395332336426,50.06106185913086
8.664407730102539,50.06106185913086
8.664419174194336,50.06106185913086
8.664430618286133,50.06106185913086
8.664443016052246,50.06106185913086
8.664454460144043,50.06106185913086
8.66446590423584,50.06106185913086
8.664478302001953,50.06106185913086
8.66448974609375,50.06106185913086
8.664501190185547,50.06106185913086
8.66451358795166,50.061065673828125
8.664525032043457,50.061065673828125
8.66453742980957,50.061065673828125
8.664548873901367,50.061065673828125
8.66456127166748,50.061065673828125
8.664572715759277,50.061065673828125
8.664584159851074,50.061065673828125
8.664596557617188,50.061065673828125
8.664608001708984,50.061065673828125
8.664620399475098,50.06106948852539
8.664631843566895,50.06106948852539
8.664644241333008,50.06106948852539
8.664655685424805,50.06106948852539
8.664668083190918,50.06106948852539
8.664679527282715,50.06106948852539
8.664691925048828,50.06106948852539
8.664703369140625,50.06106948852539
8.664715766906738,50.06106948852539
8.664728164672852,50.06106948852539
8.664739608764648,50.061073303222656
8.664752006530762,50.061073303222656
8.664764404296875,50.061073303222656
8.664775848388672,50.061073303222656
8.664788246154785,50.061073303222656
8.664800643920898,50.061073303222656
8.664812088012695,50.061073303222656
8.664824485778809,50.061073303222656
8.664836883544922,50.061073303222656
8.664848327636719,50.06107711791992
8.664860725402832,50.06107711791992
8.664872169494629,50.06107711791992
8.664884567260742,50.06107711791992
8.664896965026855,50.06107711791992
8.664908409118652,50.06107711791992
8.664920806884766,50.06107711791992
8.664932250976562,50.06107711791992
8.664944648742676,50.06107711791992
8.664956092834473,50.06108093261719
8.664968490600586,50.06108093261719
8.6649808883667,50.06108093261719
8.664992332458496,50.06108093261719
8.66500473022461,50.06108093261719
8.665016174316406,50.06108093261719
8.66502857208252,50.06108093261719
8.665040016174316,50.06108093261719
8.66505241394043,50.06108474731445
8.665063858032227,50.06108474731445
8.66507625579834,50.06108474731445
8.665088653564453,50.06108474731445
8.66510009765625,50.06108474731445
8.665112495422363,50.06108474731445
8.66512393951416,50.06108474731445
8.665136337280273,50.06108474731445
8.66514778137207,50.06108474731445
8.665160179138184,50.06108856201172
8.66517162322998,50.06108856201172
8.665184020996094,50.06108856201172
8.66519546508789,50.06108856201172
8.665207862854004,50.06108856201172
8.6652193069458,50.06108856201172
8.665231704711914,50.06108856201172
8.665243148803711,50.06108856201172
8.665255546569824,50.061092376708984
8.665266990661621,50.061092376708984
8.665278434753418,50.061092376708984
8.665290832519531,50.061092376708984
8.665302276611328,50.061092376708984
8.665314674377441,50.061092376708984
8.665326118469238,50.061092376708984
8.665338516235352,50.061092376708984
8.665349960327148,50.061092376708984
8.665362358093262,50.06109619140625
8.665373802185059,50.06109619140625
8.665385246276855,50.06109619140625
8.665397644042969,50.06109619140625
8.665409088134766,50.06109619140625
8.665421485900879,50.06109619140625
8.665432929992676,50.06109619140625
8.665444374084473,50.06109619140625
8.665456771850586,50.06109619140625
8.665468215942383,50.061100006103516
8.665480613708496,50.061100006103516
8.665492057800293,50.061100006103516
8.66550350189209,50.061100006103516
8.665515899658203,50.061100006103516
8.66552734375,50.061100006103516
8.665538787841797,50.061100006103516
8.66555118560791,50.061100006103516
8.665562629699707,50.061100006103516
8.665574073791504,50.061100006103516
8.665586471557617,50.06110382080078
8.665597915649414,50.06110382080078
8.665610313415527,50.06110382080078
8.665621757507324,50.06110382080078
8.665633201599121,50.06110382080078
8.665645599365234,50.06110382080078
8.665657043457031,50.06110382080078
8.665668487548828,50.06110382080078
8.665680885314941,50.06110382080078
8.665692329406738,50.06110382080078
8.665704727172852,50.06110382080078
8.665716171264648,50.06110763549805
8.665727615356445,50.06110763549805
8.665740013122559,50.06110763549805
8.665751457214355,50.06110763549805
8.665762901306152,50.06110763549805
8.665775299072266,50.06110763549805
8.665786743164062,50.06110763549805
8.66579818725586,50.06110763549805
8.665810585021973,50.06110763549805
8.66582202911377,50.06110763549805
8.665833473205566,50.06110763549805
8.66584587097168,50.06110763549805
8.665857315063477,50.06110763549805
8.665868759155273,50.06110763549805
8.665881156921387,50.06111145019531
8.665892601013184,50.06111145019531
8.665904998779297,50.06111145019531
8.665916442871094,50.06111145019531
8.66592788696289,50.06111145019531
8.665940284729004,50.06111145019531
8.6659517288208,50.06111145019531
8.665963172912598,50.06111145019531
8.665975570678711,50.06111145019531
8.665987014770508,50.06111145019531
8.665999412536621,50.06111145019531
8.666010856628418,50.06111145019531
8.666022300720215,50.06111145019531
8.666034698486328,50.06111145019531
8.666046142578125,50.06111145019531
8.666057586669922,50.06111145019531
8.666069984436035,50.06111145019531
8.666081428527832,50.06111145019531
8.666093826293945,50.06111145019531
8.666105270385742,50.06111145019531
8.666116714477539,50.06111145019531
8.666129112243652,50.06111526489258
8.66614055633545,50.06111526489258
8.666152000427246,50.06111526489258
8.66616439819336,50.06111526489258
8.666175842285156,50.06111526489258
8.666187286376953,50.06111526489258
8.666199684143066,50.06111526489258
8.666211128234863,50.06111526489258
8.66622257232666,50.06111526489258
8.666234970092773,50.06111526489258
8.66624641418457,50.06111526489258
8.666257858276367,50.06111526489258
8.66627025604248,50.06111526489258
8.666281700134277,50.06111526489258
8.66629409790039,50.06111526489258
8.666305541992188,50.06111526489258
8.666316986083984,50.06111526489258
8.666329383850098,50.06111526489258
8.666340827941895,50.06111526489258
8.666352272033691,50.06111526489258
8.666364669799805,50.06111526489258
8.666376113891602,50.06111526489258
8.666387557983398,50.06111526489258
8.666399955749512,50.06111526489258
8.666411399841309,50.06111526489258
8.666422843933105,50.06111526489258
8.666435241699219,50.06111526489258
8.666446685791016,50.06111526489258
8.666458129882812,50.06111526489258
8.666470527648926,50.061119079589844
8.666481971740723,50.061119079589844
8.66649341583252,50.061119079589844
8.666504859924316,50.061119079589844
8.66651725769043,50.061119079589844
8.666528701782227,50.061119079589844
8.666540145874023,50.061119079589844
8.666552543640137,50.061119079589844
8.666563987731934,50.061119079589844
8.66657543182373,50.061119079589844
8.666587829589844,50.061119079589844
8.66659927368164,50.061119079589844
8.666611671447754,50.061119079589844
8.66662311553955,50.061119079589844
8.666634559631348,50.061119079589844
8.666646957397461,50.061119079589844
8.666658401489258,50.061119079589844
8.666669845581055,50.061119079589844
8.666681289672852,50.061119079589844
8.666693687438965,50.061119079589844
8.666705131530762,50.061119079589844
8.666716575622559,50.061119079589844
8.666728973388672,50.061119079589844
8.666740417480469,50.061119079589844
8.666751861572266,50.061119079589844
8.666764259338379,50.061119079589844
8.666775703430176,50.061119079589844
8.666787147521973,50.061119079589844
8.666799545288086,50.06112289428711
8.666810989379883,50.06112289428711
8.66682243347168,50.06112289428711
8.666834831237793,50.06112289428711
8.66684627532959,50.06112289428711
8.666857719421387,50.06112289428711
8.666869163513184,50.06112289428711
8.666881561279297,50.06112289428711
8.666893005371094,50.06112289428711
8.66690444946289,50.06112289428711
8.666916847229004,50.06112289428711
8.6669282913208,50.06112289428711
8.666939735412598,50.06112289428711
8.666951179504395,50.06112289428711
8.666963577270508,50.06112289428711
8.666975021362305,50.06112289428711
8.666986465454102,50.06112289428711
8.666997909545898,50.06112289428711
8.667010307312012,50.06112289428711
8.667021751403809,50.06112289428711
8.667033195495605,50.06112289428711
8.667045593261719,50.06112289428711
8.667057037353516,50.06112289428711
8.667068481445312,50.06112289428711
8.66707992553711,50.06112289428711
8.667092323303223,50.06112289428711
8.66710376739502,50.06112289428711
8.667115211486816,50.06112289428711
8.667126655578613,50.061126708984375
8.667139053344727,50.061126708984375
8.667150497436523,50.061126708984375
8.66716194152832,50.061126708984375
8.667173385620117,50.061126708984375
8.667184829711914,50.061126708984375
8.667197227478027,50.061126708984375
8.667208671569824,50.061126708984375
8.667220115661621,50.061126708984375
8.667231559753418,50.061126708984375
8.667243957519531,50.061126708984375
8.667255401611328,50.061126708984375
8.667266845703125,50.061126708984375
8.667278289794922,50.061126708984375
8.667289733886719,50.061126708984375
8.667302131652832,50.061126708984375
8.667313575744629,50.061126708984375
8.667325019836426,50.061126708984375
8.667337417602539,50.061126708984375
8.667348861694336,50.061126708984375
8.667360305786133,50.061126708984375
8.667372703552246,50.061126708984375
8.667384147644043,50.061126708984375
8.667396545410156,50.061126708984375
8.667407989501953,50.061126708984375
8.667420387268066,50.061126708984375
8.667431831359863,50.061126708984375
8.667444229125977,50.061126708984375
8.667455673217773,50.061126708984375
8.667468070983887,50.061126708984375
8.667479515075684,50.06113052368164
8.667491912841797,50.06113052368164
8.667503356933594,50.06113052368164
8.667515754699707,50.06113052368164
8.66752815246582,50.06113052368164
8.667539596557617,50.06113052368164
8.66755199432373,50.06113052368164
8.667564392089844,50.06113052368164
8.66757583618164,50.06113052368164
8.667588233947754,50.06113052368164
8.667600631713867,50.06113052368164
8.66761302947998,50.06113052368164
8.667625427246094,50.06113052368164
8.66763687133789,50.06113052368164
8.667649269104004,50.06113052368164
8.667661666870117,50.06113052368164
8.66767406463623,50.06113052368164
8.667686462402344,50.06113052368164
8.667698860168457,50.06113052368164
8.66771125793457,50.06113052368164
8.667723655700684,50.06113052368164
8.66773509979248,50.06113052368164
8.667747497558594,50.06113052368164
8.667759895324707,50.06113052368164
8.66777229309082,50.06113052368164
8.66778564453125,50.06113052368164
8.667798042297363,50.061134338378906
8.667810440063477,50.061134338378906
8.66782283782959,50.061134338378906
8.667835235595703,50.061134338378906
8.667847633361816,50.061134338378906
8.66786003112793,50.061134338378906
8.667872428894043,50.061134338378906
8.667884826660156,50.061134338378906
8.667898178100586,50.061134338378906
8.6679105758667,50.061134338378906
8.667922973632812,50.061134338378906
8.667936325073242,50.061134338378906
8.667948722839355,50.061134338378906
8.667961120605469,50.061134338378906
8.667974472045898,50.061134338378906
8.667986869812012,50.061134338378906
8.667999267578125,50.061134338378906
8.668012619018555,50.06113815307617
8.668025016784668,50.06113815307617
8.668037414550781,50.06113815307617
8.668050765991211,50.06113815307617
8.668063163757324,50.06113815307617
8.668076515197754,50.06113815307617
8.668088912963867,50.06113815307617
8.668102264404297,50.06113815307617
8.66811466217041,50.06113815307617
8.66812801361084,50.06113815307617
8.668140411376953,50.06113815307617
8.668153762817383,50.06113815307617
8.668167114257812,50.06113815307617
8.668179512023926,50.06114196777344
8.668192863464355,50.06114196777344
8.668205261230469,50.06114196777344
8.668218612670898,50.06114196777344
8.668231010437012,50.06114196777344
8.668244361877441,50.06114196777344
8.668256759643555,50.06114196777344
8.668270111083984,50.06114196777344
8.668282508850098,50.06114196777344
8.668295860290527,50.06114196777344
8.66830825805664,50.06114196777344
8.668320655822754,50.06114196777344
8.668333053588867,50.0611457824707
8.66834545135498,50.0611457824707
8.668357849121094,50.0611457824707
8.668370246887207,50.0611457824707
8.66838264465332,50.0611457824707
8.668395042419434,50.0611457824707
8.66840648651123,50.0611457824707
8.668417930603027,50.0611457824707
8.66843032836914,50.0611457824707
8.668441772460938,50.0611457824707
8.668453216552734,50.0611457824707
8.668464660644531,50.06114959716797
8.668476104736328,50.06114959716797
8.668486595153809,50.06114959716797
8.668498039245605,50.06114959716797
8.668508529663086,50.06114959716797
8.668519020080566,50.06114959716797
8.668529510498047,50.06114959716797
8.668540000915527,50.06114959716797
8.668550491333008,50.06114959716797
8.668560981750488,50.06114959716797
8.668571472167969,50.06114959716797
8.66858196258545,50.06114959716797
8.66859245300293,50.06114959716797
8.668601989746094,50.061153411865234
8.668612480163574,50.061153411865234
8.668622016906738,50.061153411865234
8.668631553649902,50.061153411865234
8.668642044067383,50.061153411865234
8.668651580810547,50.061153411865234
8.668661117553711,50.061153411865234
8.668669700622559,50.061153411865234
8.668679237365723,50.061153411865234
8.66868782043457,50.061153411865234
8.668697357177734,50.061153411865234
8.668705940246582,50.061153411865234
8.66871452331543,50.061153411865234
8.668723106384277,50.061153411865234
8.668730735778809,50.061153411865234
8.668739318847656,50.0611572265625
8.668747901916504,50.0611572265625
8.668755531311035,50.0611572265625
8.668764114379883,50.0611572265625
8.668771743774414,50.0611572265625
8.668779373168945,50.0611572265625
8.668787002563477,50.0611572265625
8.668794631958008,50.0611572265625
8.668802261352539,50.0611572265625
8.668808937072754,50.0611572265625
8.668816566467285,50.0611572265625
8.668824195861816,50.0611572265625
8.668830871582031,50.0611572265625
8.668837547302246,50.0611572265625
8.668845176696777,50.0611572265625
8.668851852416992,50.0611572265625
8.668858528137207,50.0611572265625
8.668865203857422,50.0611572265625
8.668871879577637,50.061161041259766
8.668878555297852,50.061161041259766
8.668885231018066,50.061161041259766
8.668890953063965,50.061161041259766
8.66889762878418,50.061161041259766
8.668904304504395,50.061161041259766
8.668910026550293,50.061161041259766
8.668916702270508,50.061161041259766
8.668923377990723,50.061161041259766
8.668929100036621,50.061161041259766
8.668935775756836,50.061161041259766
8.668941497802734,50.061161041259766
8.668947219848633,50.061161041259766
8.668953895568848,50.061161041259766
8.668959617614746,50.061161041259766
8.668966293334961,50.061161041259766
8.66897201538086,50.061161041259766
8.668977737426758,50.061161041259766
8.668983459472656,50.061161041259766
8.668990135192871,50.061161041259766
8.66899585723877,50.061161041259766
8.669001579284668,50.061161041259766
8.669007301330566,50.061161041259766
8.669013023376465,50.06116485595703
8.669018745422363,50.06116485595703
8.669024467468262,50.06116485595703
8.66903018951416,50.06116485595703
8.669034957885742,50.06116485595703
8.66904067993164,50.06116485595703
8.669046401977539,50.06116485595703
8.669051170349121,50.06116485595703
8.669055938720703,50.06116485595703
8.669060707092285,50.06116485595703
8.669065475463867,50.06116485595703
8.66907024383545,50.06116485595703
8.669075012207031,50.06116485595703
8.669078826904297,50.06116485595703
8.669082641601562,50.06116485595703
8.669086456298828,50.06116485595703
8.669090270996094,50.06116485595703
8.66909408569336,50.06116485595703
8.669097900390625,50.06116485595703
8.66910171508789,50.06116485595703
8.66910457611084,50.06116485595703
8.669107437133789,50.06116485595703
8.669111251831055,50.06116485595703
8.669114112854004,50.06116485595703
8.669116973876953,50.06116485595703
8.669118881225586,50.06116485595703
8.669121742248535,50.06116485595703
8.669124603271484,50.06116485595703
8.669126510620117,50.06116485595703
8.669129371643066,50.06116485595703
8.6691312789917,50.06116485595703
8.669134140014648,50.06116485595703
8.669136047363281,50.06116485595703
8.66913890838623,50.06116485595703
8.669140815734863,50.06116485595703
8.669143676757812,50.06116485595703
8.669145584106445,50.06116485595703
8.669148445129395,50.06116485595703
8.669150352478027,50.06116485595703
8.669153213500977,50.06116485595703
8.66915512084961,50.06116485595703
8.669157981872559,50.06116485595703
8.669159889221191,50.06116485595703
8.66916275024414,50.06116485595703
8.669164657592773,50.0611686706543
8.669167518615723,50.0611686706543
8.669169425964355,50.0611686706543
8.669172286987305,50.0611686706543
8.669174194335938,50.0611686706543
8.669177055358887,50.0611686706543
8.66917896270752,50.0611686706543
8.669181823730469,50.0611686706543
8.669183731079102,50.0611686706543
8.66918659210205,50.0611686706543
8.669188499450684,50.0611686706543
8.669191360473633,50.0611686706543
8.669194221496582,50.0611686706543
8.669196128845215,50.0611686706543
8.669198989868164,50.0611686706543
8.669200897216797,50.0611686706543
8.669203758239746,50.0611686706543
8.669205665588379,50.0611686706543
8.669208526611328,50.0611686706543
8.669210433959961,50.0611686706543
8.66921329498291,50.0611686706543
8.669215202331543,50.0611686706543
8.669218063354492,50.0611686706543
8.669219970703125,50.0611686706543
8.669222831726074,50.0611686706543
8.669224739074707,50.0611686706543
8.66922664642334,50.0611686706543
8.669228553771973,50.0611686706543
8.669230461120605,50.0611686706543
8.669233322143555,50.0611686706543
8.669235229492188,50.0611686706543
8.66923713684082,50.0611686706543
8.669239044189453,50.0611686706543
8.669240951538086,50.0611686706543
8.669242858886719,50.0611686706543
8.669244766235352,50.0611686706543
8.669246673583984,50.0611686706543
8.6692476272583,50.0611686706543
8.669249534606934,50.0611686706543
8.669251441955566,50.0611686706543
8.6692533493042,50.0611686706543
8.669255256652832,50.0611686706543
8.669256210327148,50.0611686706543
8.669258117675781,50.0611686706543
8.669260025024414,50.0611686706543
8.66926097869873,50.0611686706543
8.669262886047363,50.0611686706543
8.66926383972168,50.0611686706543
8.669265747070312,50.0611686706543
8.669266700744629,50.0611686706543
8.669267654418945,50.0611686706543
8.669269561767578,50.0611686706543
8.669270515441895,50.0611686706543
8.669270515441895,50.0611686706543
8.669271469116211,50.0611686706543
8.669272422790527,50.0611686706543
8.669272422790527,50.0611686706543
8.669273376464844,50.0611686706543
8.669273376464844,50.0611686706543
8.66927433013916,50.0611686706543
8.66927433013916,50.0611686706543
8.66927433013916,50.0611686706543
8.66927433013916,50.0611686706543
8.66927433013916,50.0611686706543
8.66927433013916,50.0611686706543
8.66927433013916,50.0611686706543
8.66927433013916,50.0611686706543
8.66927433013916,50.0611686706543
8.66927433013916,50.0611686706543
8.66927433013916,50.0611686706543
8.66927433013916,50.0611686706543
8.66927433013916,50.0611686706543
8.66927433013916,50.0611686706543
8.66927433013916,50.0611686706543
8.66927433013916,50.0611686706543
8.66927433013916,50.0611686706543
8.66927433013916,50.0611686706543
8.66927433013916,50.0611686706543
8.66927433013916,50.0611686706543
8.66927433013916,50.0611686706543
8.66927433013916,50.0611686706543
8.66927433013916,50.0611686706543
8.66927433013916,50.0611686706543
8.66927433013916,50.0611686706543
8.66927433013916,50.0611686706543
8.66927433013916,50.0611686706543
8.66927433013916,50.0611686706543
8.66927433013916,50.0611686706543
8.66927433013916,50.0611686706543
8.66927433013916,50.0611686706543
8.66927433013916,50.0611686706543
8.66927433013916,50.0611686706543
8.66927433013916,50.0611686706543
8.66927433013916,50.0611686706543
8.66927433013916,50.0611686706543
8.669275283813477,50.0611686706543
8.669275283813477,50.0611686706543
8.669275283813477,50.0611686706543
8.669275283813477,50.0611686706543
8.669275283813477,50.0611686706543
8.669275283813477,50.0611686706543
8.669275283813477,50.0611686706543
8.669275283813477,50.0611686706543
8.669275283813477,50.0611686706543
8.669275283813477,50.0611686706543
8.669275283813477,50.0611686706543
8.669275283813477,50.0611686706543
