8.660663604736328,50.06095886230469
8.660667419433594,50.06095886230469
8.660672187805176,50.06095886230469
8.660676956176758,50.06095886230469
8.660680770874023,50.06095886230469
8.660685539245605,50.06095886230469
8.660689353942871,50.06095886230469
8.660694122314453,50.06095886230469
8.660697937011719,50.06095886230469
8.6607027053833,50.06095886230469
8.660707473754883,50.06095886230469
8.660711288452148,50.06095886230469
8.66071605682373,50.06095886230469
8.660719871520996,50.06095886230469
8.660724639892578,50.06095886230469
8.660728454589844,50.06095886230469
8.660733222961426,50.06095886230469
8.660737037658691,50.06095886230469
8.660740852355957,50.06095886230469
8.660744667053223,50.06095886230469
8.660747528076172,50.06095886230469
8.660751342773438,50.06095886230469
8.660755157470703,50.06095886230469
8.660758018493652,50.06095886230469
8.660761833190918,50.06095886230469
8.660764694213867,50.06095886230469
8.660768508911133,50.06095886230469
8.660771369934082,50.06095886230469
8.660775184631348,50.06095504760742
8.660778045654297,50.06095504760742
8.660781860351562,50.06095504760742
8.660784721374512,50.06095504760742
8.660788536071777,50.06095504760742
8.660791397094727,50.06095504760742
8.660795211791992,50.06095504760742
8.660799026489258,50.06095504760742
8.660801887512207,50.06095504760742
8.660805702209473,50.06095504760742
8.660809516906738,50.06095504760742
8.660812377929688,50.06095504760742
8.660816192626953,50.060951232910156
8.660820007324219,50.060951232910156
8.660823822021484,50.060951232910156
8.66082763671875,50.060951232910156
8.660831451416016,50.060951232910156
8.660835266113281,50.060951232910156
8.660839080810547,50.060951232910156
8.660842895507812,50.060951232910156
8.660847663879395,50.060951232910156
8.66085147857666,50.06094741821289
8.660855293273926,50.06094741821289
8.660860061645508,50.06094741821289
8.660863876342773,50.06094741821289
8.660868644714355,50.06094741821289
8.660872459411621,50.06094741821289
8.660877227783203,50.06094741821289
8.660881042480469,50.060943603515625
8.66088581085205,50.060943603515625
8.660889625549316,50.060943603515625
8.660894393920898,50.060943603515625
8.660898208618164,50.060943603515625
8.660902976989746,50.060943603515625
8.660906791687012,50.060943603515625
8.660911560058594,50.060943603515625
8.660916328430176,50.06093978881836
8.660921096801758,50.06093978881836
8.660926818847656,50.06093978881836
8.660931587219238,50.06093978881836
8.66093635559082,50.06093978881836
8.660942077636719,50.06093978881836
8.6609468460083,50.06093978881836
8.6609525680542,50.06093978881836
8.660957336425781,50.060935974121094
8.66096305847168,50.060935974121094
8.660968780517578,50.060935974121094
8.660974502563477,50.060935974121094
8.660980224609375,50.060935974121094
8.660985946655273,50.060935974121094
8.660991668701172,50.060935974121094
8.66099739074707,50.060935974121094
8.661003112792969,50.060935974121094
8.661008834838867,50.060935974121094
8.661014556884766,50.060935974121094
8.661020278930664,50.06093215942383
8.661026954650879,50.06093215942383
8.661032676696777,50.06093215942383
8.661039352416992,50.06093215942383
8.66104507446289,50.06093215942383
8.661050796508789,50.06093215942383
8.661057472229004,50.06093215942383
8.661063194274902,50.06093215942383
8.661069869995117,50.06093215942383
8.661076545715332,50.06093215942383
8.661083221435547,50.06093215942383
8.661088943481445,50.06093215942383
8.66109561920166,50.06093215942383
8.661102294921875,50.06093215942383
8.66110897064209,50.06093215942383
8.661115646362305,50.06093215942383
8.66112232208252,50.06093215942383
8.661128997802734,50.06093215942383
8.66113567352295,50.06092834472656
8.661142349243164,50.06092834472656
8.661149024963379,50.06092834472656
8.661155700683594,50.06092834472656
8.661162376403809,50.06092834472656
8.661169052124023,50.06092834472656
8.661175727844238,50.06092834472656
8.661182403564453,50.06092834472656
8.661189079284668,50.06092834472656
8.6611967086792,50.06092834472656
8.661203384399414,50.06092834472656
8.661211013793945,50.06092834472656
8.66121768951416,50.06092834472656
8.661225318908691,50.06092834472656
8.661231994628906,50.06092834472656
8.661239624023438,50.06092834472656
8.661246299743652,50.06092834472656
8.661253929138184,50.06092834472656
8.661261558532715,50.06092834472656
8.661269187927246,50.06092834472656
8.661275863647461,50.06092834472656
8.661283493041992,50.06092834472656
8.661291122436523,50.06092834472656
8.661298751831055,50.06092834472656
8.661306381225586,50.06092834472656
8.661314010620117,50.06092834472656
8.661321640014648,50.06092834472656
8.66132926940918,50.06092834472656
8.661336898803711,50.06092834472656
8.661344528198242,50.06092834472656
8.661352157592773,50.06093215942383
8.661359786987305,50.06093215942383
8.661367416381836,50.06093215942383
8.661375045776367,50.06093215942383
8.661383628845215,50.06093215942383
8.661391258239746,50.06093215942383
8.661398887634277,50.06093215942383
8.661407470703125,50.06093215942383
8.661415100097656,50.06093215942383
8.661422729492188,50.06093215942383
8.661431312561035,50.06093215942383
8.661438941955566,50.06093215942383
8.661447525024414,50.06093215942383
8.661455154418945,50.06093215942383
8.661463737487793,50.06093215942383
8.661471366882324,50.06093215942383
8.661479949951172,50.06093215942383
8.66148853302002,50.06093215942383
8.66149616241455,50.06093215942383
8.661504745483398,50.06093215942383
8.661513328552246,50.06093215942383
8.661521911621094,50.06093215942383
8.661529541015625,50.06093215942383
8.661538124084473,50.06093215942383
8.66154670715332,50.06093215942383
8.661555290222168,50.06093215942383
8.661563873291016,50.06093215942383
8.661572456359863,50.06093215942383
8.661581039428711,50.06093215942383
8.661589622497559,50.06093215942383
8.661598205566406,50.06093215942383
8.661606788635254,50.06093215942383
8.661616325378418,50.06093215942383
8.661624908447266,50.06093215942383
8.661633491516113,50.06093215942383
8.661642074584961,50.06093215942383
8.661651611328125,50.060935974121094
8.661660194396973,50.060935974121094
8.66166877746582,50.060935974121094
8.661678314208984,50.060935974121094
8.661686897277832,50.060935974121094
8.661696434020996,50.060935974121094
8.661705017089844,50.060935974121094
8.661714553833008,50.060935974121094
8.661723136901855,50.060935974121094
8.66173267364502,50.060935974121094
8.661742210388184,50.060935974121094
8.661750793457031,50.060935974121094
8.661760330200195,50.060935974121094
8.66176986694336,50.060935974121094
8.661779403686523,50.060935974121094
8.661787986755371,50.060935974121094
8.661797523498535,50.060935974121094
8.6618070602417,50.060935974121094
8.661816596984863,50.060935974121094
8.661826133728027,50.060935974121094
8.661835670471191,50.060935974121094
8.661845207214355,50.060935974121094
8.66185474395752,50.060935974121094
8.661865234375,50.060935974121094
8.661874771118164,50.06093978881836
8.661884307861328,50.06093978881836
8.661893844604492,50.06093978881836
8.661903381347656,50.06093978881836
8.661913871765137,50.06093978881836
8.6619234085083,50.06093978881836
8.661933898925781,50.06093978881836
8.661943435668945,50.06093978881836
8.66195297241211,50.06093978881836
8.66196346282959,50.06093978881836
8.661972999572754,50.06093978881836
8.661983489990234,50.06093978881836
8.661993980407715,50.06093978881836
8.662003517150879,50.06093978881836
8.66201400756836,50.06093978881836
8.662023544311523,50.06093978881836
8.662034034729004,50.06093978881836
8.662044525146484,50.06093978881836
8.662054061889648,50.060943603515625
8.662064552307129,50.060943603515625
8.66207504272461,50.060943603515625
8.662084579467773,50.060943603515625
8.662095069885254,50.060943603515625
8.662105560302734,50.060943603515625
8.662116050720215,50.060943603515625
8.662126541137695,50.060943603515625
8.662137031555176,50.060943603515625
8.662147521972656,50.060943603515625
8.662158012390137,50.060943603515625
8.662168502807617,50.060943603515625
8.662178993225098,50.060943603515625
8.662190437316895,50.060943603515625
8.662200927734375,50.060943603515625
8.662211418151855,50.060943603515625
8.662221908569336,50.06094741821289
8.662232398986816,50.06094741821289
8.662243843078613,50.06094741821289
8.662254333496094,50.06094741821289
8.662264823913574,50.06094741821289
8.662276268005371,50.06094741821289
8.662286758422852,50.06094741821289
8.662297248840332,50.06094741821289
8.662308692932129,50.06094741821289
8.66231918334961,50.06094741821289
8.662330627441406,50.06094741821289
8.662341117858887,50.06094741821289
8.662352561950684,50.06094741821289
8.662363052368164,50.06094741821289
8.662374496459961,50.06094741821289
8.662385940551758,50.060951232910156
8.662396430969238,50.060951232910156
8.662407875061035,50.060951232910156
8.662419319152832,50.060951232910156
8.662429809570312,50.060951232910156
8.66244125366211,50.060951232910156
8.662452697753906,50.060951232910156
8.662464141845703,50.060951232910156
8.6624755859375,50.060951232910156
8.66248607635498,50.060951232910156
8.662497520446777,50.060951232910156
8.662508964538574,50.060951232910156
8.662520408630371,50.060951232910156
8.662531852722168,50.060951232910156
8.662543296813965,50.060951232910156
8.662554740905762,50.060951232910156
8.662566184997559,50.06095504760742
8.662577629089355,50.06095504760742
8.662590026855469,50.06095504760742
8.662601470947266,50.06095504760742
8.662612915039062,50.06095504760742
8.66262435913086,50.06095504760742
8.662635803222656,50.06095504760742
8.662647247314453,50.06095504760742
8.662659645080566,50.06095504760742
8.662671089172363,50.06095504760742
8.66268253326416,50.06095504760742
8.662694931030273,50.06095504760742
8.66270637512207,50.06095504760742
8.662718772888184,50.06095504760742
8.66273021697998,50.06095504760742
8.662741661071777,50.06095504760742
8.66275405883789,50.06095504760742
8.662766456604004,50.06095886230469
8.6627779006958,50.06095886230469
8.662790298461914,50.06095886230469
8.662801742553711,50.06095886230469
8.662814140319824,50.06095886230469
8.662826538085938,50.06095886230469
8.662837982177734,50.06095886230469
8.662850379943848,50.06095886230469
8.662862777709961,50.06095886230469
8.662874221801758,50.06095886230469
8.662886619567871,50.06095886230469
8.662899017333984,50.06095886230469
8.662911415100098,50.06095886230469
8.662923812866211,50.06095886230469
8.662936210632324,50.06095886230469
8.662948608398438,50.06095886230469
8.66296100616455,50.06096267700195
8.662973403930664,50.06096267700195
8.662985801696777,50.06096267700195
8.66299819946289,50.06096267700195
8.663010597229004,50.06096267700195
8.663022994995117,50.06096267700195
8.66303539276123,50.06096267700195
8.663047790527344,50.06096267700195
8.663061141967773,50.06096267700195
8.663073539733887,50.06096267700195
8.6630859375,50.06096267700195
8.663098335266113,50.06096267700195
8.663111686706543,50.06096267700195
8.663124084472656,50.06096267700195
8.66313648223877,50.06096267700195
8.6631498336792,50.06096267700195
8.663162231445312,50.06096267700195
8.663175582885742,50.06096649169922
8.663187980651855,50.06096649169922
8.663201332092285,50.06096649169922
8.663213729858398,50.06096649169922
8.663227081298828,50.06096649169922
8.663240432739258,50.06096649169922
8.663252830505371,50.06096649169922
8.6632661819458,50.06096649169922
8.66327953338623,50.06096649169922
8.663291931152344,50.06096649169922
8.663305282592773,50.06096649169922
8.663318634033203,50.06096649169922
8.663331985473633,50.06096649169922
8.663344383239746,50.06096649169922
8.663357734680176,50.06096649169922
8.663371086120605,50.06096649169922
8.663384437561035,50.06096649169922
8.663397789001465,50.06096649169922
8.663411140441895,50.06096649169922
8.663424491882324,50.06096649169922
8.663436889648438,50.060970306396484
8.663450241088867,50.060970306396484
8.663463592529297,50.060970306396484
8.663476943969727,50.060970306396484
8.663490295410156,50.060970306396484
8.66350269317627,50.060970306396484
8.6635160446167,50.060970306396484
8.663529396057129,50.060970306396484
8.663542747497559,50.060970306396484
8.663556098937988,50.060970306396484
8.663569450378418,50.060970306396484
8.663581848144531,50.060970306396484
8.663595199584961,50.060970306396484
8.66360855102539,50.060970306396484
8.66362190246582,50.060970306396484
8.663634300231934,50.060970306396484
8.663647651672363,50.060970306396484
8.663661003112793,50.060970306396484
8.663674354553223,50.06097412109375
8.663686752319336,50.06097412109375
8.663700103759766,50.06097412109375
8.663713455200195,50.06097412109375
8.663726806640625,50.06097412109375
8.663739204406738,50.06097412109375
8.663752555847168,50.06097412109375
8.663765907287598,50.06097412109375
8.663779258728027,50.06097412109375
8.66379165649414,50.06097412109375
8.66380500793457,50.06097412109375
8.663818359375,50.06097412109375
8.663830757141113,50.06097412109375
8.663844108581543,50.06097412109375
8.663857460021973,50.06097412109375
8.663869857788086,50.060977935791016
8.663883209228516,50.060977935791016
8.663896560668945,50.060977935791016
8.663908958435059,50.060977935791016
8.663922309875488,50.060977935791016
8.663935661315918,50.060977935791016
8.663948059082031,50.060977935791016
8.663961410522461,50.060977935791016
8.66397476196289,50.060977935791016
8.663987159729004,50.060977935791016
8.664000511169434,50.060977935791016
8.664012908935547,50.06098175048828
8.664026260375977,50.06098175048828
8.664039611816406,50.06098175048828
8.66405200958252,50.06098175048828
8.66406536102295,50.06098175048828
8.664077758789062,50.06098175048828
8.664091110229492,50.06098175048828
8.664104461669922,50.06098175048828
8.664116859436035,50.06098175048828
8.664130210876465,50.06098556518555
8.664142608642578,50.06098556518555
8.664155960083008,50.06098556518555
8.664169311523438,50.06098556518555
8.66418170928955,50.06098556518555
8.66419506072998,50.06098556518555
8.664207458496094,50.06098556518555
8.664220809936523,50.06098556518555
8.664233207702637,50.06098556518555
8.664246559143066,50.06098556518555
8.664259910583496,50.06098937988281
8.66427230834961,50.06098937988281
8.664285659790039,50.06098937988281
8.664298057556152,50.06098937988281
8.664311408996582,50.06098937988281
8.664323806762695,50.06098937988281
8.664337158203125,50.06098937988281
8.664349555969238,50.06098937988281
8.664362907409668,50.06098937988281
8.664376258850098,50.06099319458008
8.664388656616211,50.06099319458008
8.66440200805664,50.06099319458008
8.664414405822754,50.06099319458008
8.664427757263184,50.06099319458008
8.664440155029297,50.06099319458008
8.664453506469727,50.06099319458008
8.664466857910156,50.06099319458008
8.66447925567627,50.06099319458008
8.6644926071167,50.060997009277344
8.664505004882812,50.060997009277344
8.664518356323242,50.060997009277344
8.664530754089355,50.060997009277344
8.664544105529785,50.060997009277344
8.664557456970215,50.060997009277344
8.664569854736328,50.060997009277344
8.664583206176758,50.060997009277344
8.664596557617188,50.060997009277344
8.6646089553833,50.06100082397461
8.66462230682373,50.06100082397461
8.664634704589844,50.06100082397461
8.664648056030273,50.06100082397461
8.664661407470703,50.06100082397461
8.664673805236816,50.06100082397461
8.664687156677246,50.06100082397461
8.664700508117676,50.06100082397461
8.664713859558105,50.06100082397461
8.664726257324219,50.061004638671875
8.664739608764648,50.061004638671875
8.664752960205078,50.061004638671875
8.664765357971191,50.061004638671875
8.664778709411621,50.061004638671875
8.66479206085205,50.061004638671875
8.66480541229248,50.061004638671875
8.664817810058594,50.061004638671875
8.664831161499023,50.06100845336914
8.664844512939453,50.06100845336914
8.664857864379883,50.06100845336914
8.664871215820312,50.06100845336914
8.664883613586426,50.06100845336914
8.664896965026855,50.06100845336914
8.664910316467285,50.06100845336914
8.664923667907715,50.06100845336914
8.664937019348145,50.061012268066406
8.664950370788574,50.061012268066406
8.664963722229004,50.061012268066406
8.664977073669434,50.061012268066406
8.664990425109863,50.061012268066406
8.665003776550293,50.061012268066406
8.665017127990723,50.061012268066406
8.665030479431152,50.06101608276367
8.665043830871582,50.06101608276367
8.665057182312012,50.06101608276367
8.665070533752441,50.06101608276367
8.665083885192871,50.06101608276367
8.6650972366333,50.06101608276367
8.66511058807373,50.06101989746094
8.66512393951416,50.06101989746094
8.66513729095459,50.06101989746094
8.665151596069336,50.06101989746094
8.665164947509766,50.06101989746094
8.665178298950195,50.06101989746094
8.665191650390625,50.0610237121582
8.665205001831055,50.0610237121582
8.6652193069458,50.0610237121582
8.66523265838623,50.0610237121582
8.66524600982666,50.0610237121582
8.665260314941406,50.0610237121582
8.665273666381836,50.06102752685547
8.665287017822266,50.06102752685547
8.665301322937012,50.06102752685547
8.665314674377441,50.06102752685547
8.665328025817871,50.06102752685547
8.665342330932617,50.06102752685547
8.665355682373047,50.061031341552734
8.665369033813477,50.061031341552734
8.665383338928223,50.061031341552734
8.665396690368652,50.061031341552734
8.665410995483398,50.061031341552734
8.665424346923828,50.061031341552734
8.665438652038574,50.061031341552734
8.665452003479004,50.06103515625
8.66546630859375,50.06103515625
8.66547966003418,50.06103515625
8.665493965148926,50.06103515625
8.665508270263672,50.06103515625
8.665521621704102,50.06103515625
8.665535926818848,50.06103515625
8.665549278259277,50.061038970947266
8.665563583374023,50.061038970947266
8.66557788848877,50.061038970947266
8.6655912399292,50.061038970947266
8.665605545043945,50.061038970947266
8.665619850158691,50.061038970947266
8.665633201599121,50.061038970947266
8.665647506713867,50.061038970947266
8.665661811828613,50.061038970947266
8.66567611694336,50.061038970947266
8.665689468383789,50.061038970947266
8.665703773498535,50.061038970947266
8.665718078613281,50.061038970947266
8.665732383728027,50.06104278564453
8.665746688842773,50.06104278564453
8.665760040283203,50.06104278564453
8.66577434539795,50.06104278564453
8.665788650512695,50.06104278564453
8.665802955627441,50.06104278564453
8.665817260742188,50.06104278564453
8.665831565856934,50.06104278564453
8.66584587097168,50.06104278564453
8.665860176086426,50.06104278564453
8.665874481201172,50.06104278564453
8.665888786315918,50.06104278564453
8.665903091430664,50.06104278564453
8.66591739654541,50.06104278564453
8.665931701660156,50.06104278564453
8.665946006774902,50.06104278564453
8.665960311889648,50.06104278564453
8.665974617004395,50.0610466003418
8.66598892211914,50.0610466003418
8.666003227233887,50.0610466003418
8.666017532348633,50.0610466003418
8.666032791137695,50.0610466003418
8.666047096252441,50.0610466003418
8.666061401367188,50.0610466003418
8.666075706481934,50.0610466003418
8.66609001159668,50.0610466003418
8.666104316711426,50.0610466003418
8.666119575500488,50.0610466003418
8.666133880615234,50.0610466003418
8.66614818572998,50.0610466003418
8.666162490844727,50.0610466003418
8.666177749633789,50.0610466003418
8.666192054748535,50.0610466003418
8.666206359863281,50.0610466003418
8.666221618652344,50.0610466003418
8.66623592376709,50.0610466003418
8.666250228881836,50.0610466003418
8.666265487670898,50.06105041503906
8.666279792785645,50.06105041503906
8.66629409790039,50.06105041503906
8.666309356689453,50.06105041503906
8.6663236618042,50.06105041503906
8.666337966918945,50.06105041503906
8.666353225708008,50.06105041503906
8.666367530822754,50.06105041503906
8.666382789611816,50.06105041503906
8.666397094726562,50.06105041503906
8.666412353515625,50.06105041503906
8.666426658630371,50.06105041503906
8.666441917419434,50.06105041503906
8.66645622253418,50.06105041503906
8.666471481323242,50.06105041503906
8.666485786437988,50.06105041503906
8.66650104522705,50.06105041503906
8.666515350341797,50.06105041503906
8.66653060913086,50.06105041503906
8.666544914245605,50.06105041503906
8.666560173034668,50.06105041503906
8.666574478149414,50.06105041503906
8.666589736938477,50.06105422973633
8.666604995727539,50.06105422973633
8.666619300842285,50.06105422973633
8.666634559631348,50.06105422973633
8.666648864746094,50.06105422973633
8.666664123535156,50.06105422973633
8.666678428649902,50.06105422973633
8.666693687438965,50.06105422973633
8.666708946228027,50.06105422973633
8.666723251342773,50.06105422973633
8.666738510131836,50.06105422973633
8.666752815246582,50.06105422973633
8.666768074035645,50.06105422973633
8.66678237915039,50.06105422973633
8.666797637939453,50.06105422973633
8.6668119430542,50.06105422973633
8.666827201843262,50.06105422973633
8.666841506958008,50.06105422973633
8.66685676574707,50.06105422973633
8.666871070861816,50.06105422973633
8.666886329650879,50.06105422973633
8.666900634765625,50.06105422973633
8.666915893554688,50.06105422973633
8.666930198669434,50.06105422973633
8.666945457458496,50.061058044433594
8.666959762573242,50.061058044433594
8.666974067687988,50.061058044433594
8.66698932647705,50.061058044433594
8.667003631591797,50.061058044433594
8.66701889038086,50.061058044433594
8.667033195495605,50.061058044433594
8.667047500610352,50.061058044433594
8.667062759399414,50.061058044433594
8.66707706451416,50.061058044433594
8.667091369628906,50.061058044433594
8.667106628417969,50.061058044433594
8.667120933532715,50.061058044433594
8.667136192321777,50.061058044433594
8.667150497436523,50.061058044433594
8.66716480255127,50.061058044433594
8.667179107666016,50.061058044433594
8.667194366455078,50.061058044433594
8.667208671569824,50.061058044433594
8.66722297668457,50.061058044433594
8.667238235473633,50.061058044433594
8.667252540588379,50.061058044433594
8.667266845703125,50.061058044433594
8.667281150817871,50.061058044433594
8.667296409606934,50.06106185913086
8.66731071472168,50.06106185913086
8.667325019836426,50.06106185913086
8.667339324951172,50.06106185913086
8.667354583740234,50.06106185913086
8.66736888885498,50.06106185913086
8.667383193969727,50.06106185913086
8.667397499084473,50.06106185913086
8.667411804199219,50.06106185913086
8.667427062988281,50.06106185913086
8.667441368103027,50.06106185913086
8.667455673217773,50.06106185913086
8.66746997833252,50.06106185913086
8.667484283447266,50.06106185913086
8.667498588562012,50.06106185913086
8.667513847351074,50.06106185913086
8.66752815246582,50.06106185913086
8.667542457580566,50.06106185913086
8.667556762695312,50.06106185913086
8.667571067810059,50.06106185913086
8.667585372924805,50.06106185913086
8.66759967803955,50.06106185913086
8.667613983154297,50.06106185913086
8.667628288269043,50.06106185913086
8.667641639709473,50.06106185913086
8.667655944824219,50.061065673828125
8.667669296264648,50.061065673828125
8.667683601379395,50.061065673828125
8.667696952819824,50.061065673828125
8.667710304260254,50.061065673828125
8.667723655700684,50.061065673828125
8.667737007141113,50.061065673828125
8.667750358581543,50.061065673828125
8.667763710021973,50.061065673828125
8.667776107788086,50.061065673828125
8.667789459228516,50.061065673828125
8.667801856994629,50.061065673828125
8.667814254760742,50.061065673828125
8.667826652526855,50.061065673828125
8.667839050292969,50.061065673828125
8.667851448059082,50.061065673828125
8.667862892150879,50.061065673828125
8.667875289916992,50.061065673828125
8.667886734008789,50.061065673828125
8.667898178100586,50.061065673828125
8.667909622192383,50.061065673828125
8.66792106628418,50.061065673828125
8.667932510375977,50.061065673828125
8.667943000793457,50.061065673828125
8.667954444885254,50.061065673828125
8.667964935302734,50.061065673828125
8.667975425720215,50.061065673828125
8.667986869812012,50.06106948852539
8.667996406555176,50.06106948852539
8.668006896972656,50.06106948852539
8.668017387390137,50.06106948852539
8.6680269241333,50.06106948852539
8.668036460876465,50.06106948852539
8.668046951293945,50.06106948852539
8.66805648803711,50.06106948852539
8.668065071105957,50.06106948852539
8.668074607849121,50.06106948852539
8.668083190917969,50.06106948852539
8.668092727661133,50.06106948852539
8.66810131072998,50.06106948852539
8.668109893798828,50.06106948852539
8.668118476867676,50.06106948852539
8.668127059936523,50.06106948852539
8.668134689331055,50.06106948852539
8.668143272399902,50.06106948852539
8.668150901794434,50.06106948852539
8.668158531188965,50.06106948852539
8.668166160583496,50.06106948852539
8.668173789978027,50.06106948852539
8.668181419372559,50.06106948852539
8.668188095092773,50.06106948852539
8.668194770812988,50.06106948852539
8.66820240020752,50.06106948852539
8.668209075927734,50.06106948852539
8.66821575164795,50.06106948852539
8.668221473693848,50.06106948852539
8.668228149414062,50.06106948852539
8.668234825134277,50.06106948852539
8.668240547180176,50.06106948852539
8.668246269226074,50.06106948852539
8.668251991271973,50.061073303222656
8.668257713317871,50.061073303222656
8.66826343536377,50.061073303222656
8.668268203735352,50.061073303222656
8.66827392578125,50.061073303222656
8.668278694152832,50.061073303222656
8.668283462524414,50.061073303222656
8.668288230895996,50.061073303222656
8.668292999267578,50.061073303222656
8.66829776763916,50.061073303222656
8.668302536010742,50.061073303222656
8.668306350708008,50.061073303222656
8.66831111907959,50.061073303222656
8.668314933776855,50.061073303222656
8.668318748474121,50.061073303222656
8.668323516845703,50.061073303222656
8.668327331542969,50.061073303222656
8.668331146240234,50.061073303222656
8.6683349609375,50.061073303222656
8.668338775634766,50.061073303222656
8.668342590332031,50.061073303222656
8.668346405029297,50.061073303222656
8.668350219726562,50.061073303222656
8.668354034423828,50.061073303222656
8.668357849121094,50.06107711791992
8.66836166381836,50.06107711791992
8.668365478515625,50.06107711791992
8.66836929321289,50.06107711791992
8.668373107910156,50.06107711791992
8.668376922607422,50.06107711791992
8.668379783630371,50.06107711791992
8.668383598327637,50.06107711791992
8.668387413024902,50.06107711791992
8.668391227722168,50.06107711791992
8.668395042419434,50.06107711791992
8.6683988571167,50.06107711791992
8.668402671813965,50.06107711791992
8.66840648651123,50.06107711791992
8.66840934753418,50.06107711791992
8.668413162231445,50.06107711791992
8.668416976928711,50.06107711791992
8.668420791625977,50.06107711791992
8.668424606323242,50.06107711791992
8.668427467346191,50.06107711791992
8.668431282043457,50.06107711791992
8.668435096740723,50.06107711791992
8.668438911437988,50.06107711791992
8.668441772460938,50.06107711791992
8.668445587158203,50.06107711791992
8.668449401855469,50.06108093261719
8.668453216552734,50.06108093261719
8.668456077575684,50.06108093261719
8.66845989227295,50.06108093261719
8.668463706970215,50.06108093261719
8.66846752166748,50.06108093261719
8.66847038269043,50.06108093261719
8.668474197387695,50.06108093261719
8.668478012084961,50.06108093261719
8.66848087310791,50.06108093261719
8.668484687805176,50.06108093261719
8.668488502502441,50.06108093261719
8.66849136352539,50.06108093261719
8.668495178222656,50.06108093261719
8.668498992919922,50.06108093261719
8.668501853942871,50.06108093261719
8.668505668640137,50.06108093261719
8.668508529663086,50.06108093261719
8.668512344360352,50.06108093261719
8.668516159057617,50.06108093261719
8.668519020080566,50.06108093261719
8.668522834777832,50.06108093261719
8.668525695800781,50.06108093261719
8.668529510498047,50.06108093261719
8.668532371520996,50.06108093261719
8.668536186218262,50.06108093261719
8.668539047241211,50.06108093261719
8.668542861938477,50.06108093261719
8.668545722961426,50.06108093261719
8.668549537658691,50.06108093261719
8.66855239868164,50.06108093261719
8.668556213378906,50.06108093261719
8.668559074401855,50.06108093261719
8.668562889099121,50.06108093261719
8.66856575012207,50.06108093261719
8.668569564819336,50.06108093261719
8.668572425842285,50.06108093261719
8.66857624053955,50.06108474731445
8.6685791015625,50.06108474731445
8.668582916259766,50.06108474731445
8.668585777282715,50.06108474731445
8.668588638305664,50.06108474731445
8.66859245300293,50.06108474731445
8.668595314025879,50.06108474731445
8.668599128723145,50.06108474731445
8.668601989746094,50.06108474731445
8.66860580444336,50.06108474731445
8.668608665466309,50.06108474731445
8.668612480163574,50.06108474731445
8.668615341186523,50.06108474731445
8.668619155883789,50.06108474731445
8.668622016906738,50.06108474731445
8.668625831604004,50.06108474731445
8.66862964630127,50.06108474731445
8.668632507324219,50.06108474731445
8.668636322021484,50.06108474731445
8.668639183044434,50.06108474731445
8.6686429977417,50.06108474731445
8.668646812438965,50.06108474731445
8.668649673461914,50.06108474731445
8.66865348815918,50.06108474731445
8.668657302856445,50.06108474731445
8.668660163879395,50.06108474731445
8.66866397857666,50.06108474731445
8.668667793273926,50.06108474731445
8.668670654296875,50.06108474731445
8.66867446899414,50.06108474731445
8.668678283691406,50.06108474731445
8.668681144714355,50.06108474731445
8.668684959411621,50.06108474731445
8.668688774108887,50.06108474731445
8.668691635131836,50.06108474731445
8.668695449829102,50.06108474731445
8.668699264526367,50.06108474731445
8.668702125549316,50.06108474731445
8.668705940246582,50.06108474731445
8.668708801269531,50.06108474731445
8.668712615966797,50.06108474731445
8.668716430664062,50.06108474731445
8.668719291687012,50.06108474731445
8.668723106384277,50.06108474731445
8.668725967407227,50.06108474731445
8.668729782104492,50.06108474731445
8.668732643127441,50.06108474731445
8.668736457824707,50.06108474731445
8.668740272521973,50.06108474731445
8.668743133544922,50.06108856201172
8.668746948242188,50.06108856201172
8.668749809265137,50.06108856201172
8.668753623962402,50.06108856201172
8.668756484985352,50.06108856201172
8.668760299682617,50.06108856201172
8.668763160705566,50.06108856201172
8.668766975402832,50.06108856201172
8.668769836425781,50.06108856201172
8.668773651123047,50.06108856201172
8.668776512145996,50.06108856201172
8.668779373168945,50.06108856201172
8.668783187866211,50.06108856201172
8.66878604888916,50.06108856201172
8.668789863586426,50.06108856201172
8.668792724609375,50.06108856201172
8.66879653930664,50.06108856201172
8.66879940032959,50.06108856201172
8.668802261352539,50.06108856201172
8.668806076049805,50.06108856201172
8.668808937072754,50.06108856201172
8.668811798095703,50.06108856201172
8.668815612792969,50.06108856201172
8.668818473815918,50.06108856201172
8.668821334838867,50.06108856201172
8.668824195861816,50.06108856201172
8.668827056884766,50.06108856201172
8.668829917907715,50.06108856201172
8.668832778930664,50.06108856201172
8.668835639953613,50.06108856201172
8.668837547302246,50.06108856201172
8.668840408325195,50.06108856201172
8.668843269348145,50.06108856201172
8.668845176696777,50.06108856201172
8.66884708404541,50.06108856201172
8.66884994506836,50.06108856201172
8.668851852416992,50.06108856201172
8.668853759765625,50.06108856201172
8.668855667114258,50.06108856201172
8.668856620788574,50.06108856201172
8.668858528137207,50.06108856201172
8.66886043548584,50.06108856201172
8.668861389160156,50.06108856201172
8.668863296508789,50.06108856201172
8.668864250183105,50.06108856201172
8.668865203857422,50.06108856201172
8.668866157531738,50.06108856201172
8.668867111206055,50.06108856201172
8.668868064880371,50.06108856201172
8.668868064880371,50.06108856201172
8.668869018554688,50.06108856201172
8.668869018554688,50.06108856201172
8.668869018554688,50.06108856201172
8.668869972229004,50.06108856201172
8.668869972229004,50.06108856201172
8.668869972229004,50.06108856201172
8.668869972229004,50.06108856201172
8.668869972229004,50.06108856201172
8.668869972229004,50.06108856201172
8.668869972229004,50.06108856201172
8.668869972229004,50.06108856201172
8.668869972229004,50.06108856201172
8.668869972229004,50.06108856201172
8.668869972229004,50.06108856201172
8.668869972229004,50.06108856201172
8.668869972229004,50.06108856201172
8.668869972229004,50.06108856201172
8.668869972229004,50.06108856201172
8.668869972229004,50.06108856201172
8.668869972229004,50.06108856201172
