8.660663604736328,50.06095886230469
8.660667419433594,50.06095886230469
8.660672187805176,50.06095886230469
8.660676956176758,50.06095886230469
8.660680770874023,50.06095886230469
8.660685539245605,50.06095886230469
8.660689353942871,50.06095886230469
8.660694122314453,50.06095886230469
8.660697937011719,50.06095886230469
8.6607027053833,50.06095886230469
8.660707473754883,50.06095886230469
8.660711288452148,50.06095886230469
8.66071605682373,50.06095886230469
8.660719871520996,50.06095886230469
8.660723686218262,50.06095886230469
8.660727500915527,50.06095886230469
8.660731315612793,50.06095886230469
8.660735130310059,50.06095886230469
8.660738945007324,50.06095886230469
8.660741806030273,50.06095886230469
8.660745620727539,50.06095886230469
8.660749435424805,50.06095886230469
8.660752296447754,50.06095886230469
8.66075611114502,50.06095886230469
8.660759925842285,50.06095504760742
8.66076374053955,50.06095504760742
8.660767555236816,50.06095504760742
8.660770416259766,50.06095504760742
8.660774230957031,50.06095504760742
8.660778045654297,50.06095504760742
8.660781860351562,50.06095504760742
8.660785675048828,50.060951232910156
8.660789489746094,50.060951232910156
8.66079330444336,50.060951232910156
8.660798072814941,50.060951232910156
8.660801887512207,50.060951232910156
8.660805702209473,50.06094741821289
8.660809516906738,50.06094741821289
8.66081428527832,50.06094741821289
8.660818099975586,50.06094741821289
8.660822868347168,50.060943603515625
8.660826683044434,50.060943603515625
8.660831451416016,50.060943603515625
8.660835266113281,50.06093978881836
8.660840034484863,50.06093978881836
8.660844802856445,50.06093978881836
8.660848617553711,50.06093978881836
8.660853385925293,50.060935974121094
8.660858154296875,50.060935974121094
8.660862922668457,50.060935974121094
8.660866737365723,50.06093215942383
8.660871505737305,50.06093215942383
8.660876274108887,50.06093215942383
8.660881042480469,50.06093215942383
8.66088581085205,50.06092834472656
8.660890579223633,50.06092834472656
8.660895347595215,50.06092834472656
8.66089916229248,50.0609245300293
8.660903930664062,50.0609245300293
8.660908699035645,50.0609245300293
8.660914421081543,50.06092071533203
8.660919189453125,50.06092071533203
8.660924911499023,50.06092071533203
8.660929679870605,50.060916900634766
8.660935401916504,50.060916900634766
8.660941123962402,50.060916900634766
8.6609468460083,50.060916900634766
8.6609525680542,50.0609130859375
8.660958290100098,50.0609130859375
8.660964012145996,50.0609130859375
8.660969734191895,50.060909271240234
8.660975456237793,50.060909271240234
8.660982131958008,50.060909271240234
8.660987854003906,50.060909271240234
8.660994529724121,50.06090545654297
8.66100025177002,50.06090545654297
8.661006927490234,50.06090545654297
8.66101360321045,50.06090545654297
8.661020278930664,50.06090545654297
8.661026954650879,50.06090545654297
8.661033630371094,50.0609016418457
8.661039352416992,50.0609016418457
8.661046028137207,50.0609016418457
8.661053657531738,50.0609016418457
8.661060333251953,50.0609016418457
8.661067008972168,50.0609016418457
8.661073684692383,50.06089782714844
8.661080360412598,50.06089782714844
8.661087989807129,50.06089782714844
8.661094665527344,50.06089782714844
8.661101341247559,50.06089782714844
8.66110897064209,50.06089782714844
8.661115646362305,50.06089782714844
8.66112232208252,50.06089782714844
8.66112995147705,50.06089782714844
8.661136627197266,50.06089782714844
8.66114330291748,50.06089782714844
8.661150932312012,50.06089782714844
8.661157608032227,50.06089782714844
8.661165237426758,50.06089782714844
8.661172866821289,50.06089782714844
8.66118049621582,50.06089782714844
8.661187171936035,50.06089782714844
8.661194801330566,50.06089782714844
8.661202430725098,50.06089782714844
8.661210060119629,50.06089782714844
8.66121768951416,50.06089782714844
8.661225318908691,50.06089782714844
8.661232948303223,50.06089782714844
8.661240577697754,50.06089782714844
8.661248207092285,50.06089782714844
8.661255836486816,50.06089782714844
8.661263465881348,50.06089782714844
8.661272048950195,50.06089782714844
8.661279678344727,50.06089782714844
8.661287307739258,50.06089782714844
8.661294937133789,50.06089782714844
8.661303520202637,50.06089782714844
8.661311149597168,50.06089782714844
8.6613187789917,50.06089782714844
8.661327362060547,50.06089782714844
8.661334991455078,50.06089782714844
8.661343574523926,50.06089782714844
8.661351203918457,50.06089782714844
8.661359786987305,50.06089782714844
8.661367416381836,50.06089782714844
8.661375999450684,50.06089782714844
8.661384582519531,50.06089782714844
8.661392211914062,50.06089782714844
8.66140079498291,50.06089782714844
8.661409378051758,50.06089782714844
8.661417961120605,50.06089782714844
8.661426544189453,50.06089782714844
8.661434173583984,50.06089782714844
8.661442756652832,50.06089782714844
8.66145133972168,50.06089782714844
8.661459922790527,50.06089782714844
8.661468505859375,50.06089782714844
8.661477088928223,50.06089782714844
8.66148567199707,50.06089782714844
8.661494255065918,50.06089782714844
8.661503791809082,50.06089782714844
8.66151237487793,50.06089782714844
8.661520957946777,50.06089782714844
8.661529541015625,50.06089782714844
8.661538124084473,50.0609016418457
8.661547660827637,50.0609016418457
8.661556243896484,50.0609016418457
8.661564826965332,50.0609016418457
8.661574363708496,50.0609016418457
8.661582946777344,50.0609016418457
8.661592483520508,50.0609016418457
8.661601066589355,50.0609016418457
8.66161060333252,50.0609016418457
8.661619186401367,50.0609016418457
8.661628723144531,50.0609016418457
8.661637306213379,50.0609016418457
8.661646842956543,50.0609016418457
8.661656379699707,50.0609016418457
8.661664962768555,50.0609016418457
8.661674499511719,50.0609016418457
8.661684036254883,50.0609016418457
8.661693572998047,50.0609016418457
8.661703109741211,50.06090545654297
8.661712646484375,50.06090545654297
8.661722183227539,50.06090545654297
8.661731719970703,50.06090545654297
8.661741256713867,50.06090545654297
8.661750793457031,50.06090545654297
8.661760330200195,50.06090545654297
8.66176986694336,50.06090545654297
8.661779403686523,50.06090545654297
8.661788940429688,50.06090545654297
8.661798477172852,50.06090545654297
8.661808967590332,50.06090545654297
8.661818504333496,50.06090545654297
8.66182804107666,50.06090545654297
8.66183853149414,50.06090545654297
8.661848068237305,50.06090545654297
8.661858558654785,50.06090545654297
8.66186809539795,50.060909271240234
8.66187858581543,50.060909271240234
8.66188907623291,50.060909271240234
8.661898612976074,50.060909271240234
8.661909103393555,50.060909271240234
8.661919593811035,50.060909271240234
8.6619291305542,50.060909271240234
8.66193962097168,50.060909271240234
8.66195011138916,50.060909271240234
8.661959648132324,50.060909271240234
8.661970138549805,50.060909271240234
8.661980628967285,50.060909271240234
8.66199016571045,50.060909271240234
8.66200065612793,50.060909271240234
8.66201114654541,50.060909271240234
8.66202163696289,50.060909271240234
8.662032127380371,50.060909271240234
8.662042617797852,50.0609130859375
8.662053108215332,50.0609130859375
8.662063598632812,50.0609130859375
8.662074089050293,50.0609130859375
8.662084579467773,50.0609130859375
8.66209602355957,50.0609130859375
8.66210651397705,50.0609130859375
8.662117004394531,50.0609130859375
8.662127494812012,50.0609130859375
8.662138938903809,50.0609130859375
8.662149429321289,50.0609130859375
8.66215991973877,50.0609130859375
8.662171363830566,50.0609130859375
8.662181854248047,50.0609130859375
8.662192344665527,50.0609130859375
8.662203788757324,50.0609130859375
8.662214279174805,50.0609130859375
8.662225723266602,50.0609130859375
8.662236213684082,50.0609130859375
8.662247657775879,50.060916900634766
8.66225814819336,50.060916900634766
8.662269592285156,50.060916900634766
8.662281036376953,50.060916900634766
8.662291526794434,50.060916900634766
8.66230297088623,50.060916900634766
8.662314414978027,50.060916900634766
8.662324905395508,50.060916900634766
8.662336349487305,50.060916900634766
8.662347793579102,50.060916900634766
8.662359237670898,50.060916900634766
8.662370681762695,50.060916900634766
8.662382125854492,50.060916900634766
8.662392616271973,50.060916900634766
8.66240406036377,50.060916900634766
8.662415504455566,50.060916900634766
8.662426948547363,50.060916900634766
8.66243839263916,50.060916900634766
8.662449836730957,50.060916900634766
8.662461280822754,50.060916900634766
8.66247272491455,50.060916900634766
8.662485122680664,50.06092071533203
8.662496566772461,50.06092071533203
8.662508010864258,50.06092071533203
8.662519454956055,50.06092071533203
8.662530899047852,50.06092071533203
8.662543296813965,50.06092071533203
8.662554740905762,50.06092071533203
8.662566184997559,50.06092071533203
8.662578582763672,50.06092071533203
8.662590026855469,50.06092071533203
8.662601470947266,50.06092071533203
8.662613868713379,50.06092071533203
8.662625312805176,50.06092071533203
8.662637710571289,50.06092071533203
8.662649154663086,50.06092071533203
8.6626615524292,50.06092071533203
8.662672996520996,50.06092071533203
8.66268539428711,50.06092071533203
8.662696838378906,50.06092071533203
8.66270923614502,50.06092071533203
8.662721633911133,50.06092071533203
8.66273307800293,50.06092071533203
8.662745475769043,50.06092071533203
8.662757873535156,50.0609245300293
8.66277027130127,50.0609245300293
8.662782669067383,50.0609245300293
8.66279411315918,50.0609245300293
8.662806510925293,50.0609245300293
8.662818908691406,50.0609245300293
8.66283130645752,50.0609245300293
8.662843704223633,50.0609245300293
8.662856101989746,50.0609245300293
8.66286849975586,50.0609245300293
8.662880897521973,50.0609245300293
8.662893295288086,50.0609245300293
8.6629056930542,50.0609245300293
8.662918090820312,50.0609245300293
8.662930488586426,50.0609245300293
8.662942886352539,50.0609245300293
8.662956237792969,50.0609245300293
8.662968635559082,50.0609245300293
8.662981033325195,50.0609245300293
8.662993431091309,50.0609245300293
8.663006782531738,50.0609245300293
8.663019180297852,50.0609245300293
8.663031578063965,50.0609245300293
8.663044929504395,50.06092834472656
8.663057327270508,50.06092834472656
8.663070678710938,50.06092834472656
8.66308307647705,50.06092834472656
8.66309642791748,50.06092834472656
8.663108825683594,50.06092834472656
8.663122177124023,50.06092834472656
8.663135528564453,50.06092834472656
8.663147926330566,50.06092834472656
8.663161277770996,50.06092834472656
8.663174629211426,50.06092834472656
8.663187980651855,50.06092834472656
8.663200378417969,50.06092834472656
8.663213729858398,50.06092834472656
8.663227081298828,50.06092834472656
8.663240432739258,50.06092834472656
8.663253784179688,50.06092834472656
8.663267135620117,50.06092834472656
8.66327953338623,50.06092834472656
8.66329288482666,50.06092834472656
8.66330623626709,50.06093215942383
8.66331958770752,50.06093215942383
8.66333293914795,50.06093215942383
8.663347244262695,50.06093215942383
8.663360595703125,50.06093215942383
8.663373947143555,50.06093215942383
8.663387298583984,50.06093215942383
8.663400650024414,50.06093215942383
8.663414001464844,50.06093215942383
8.66342830657959,50.06093215942383
8.66344165802002,50.06093215942383
8.66345500946045,50.06093215942383
8.663468360900879,50.060935974121094
8.663482666015625,50.060935974121094
8.663496017456055,50.060935974121094
8.6635103225708,50.060935974121094
8.66352367401123,50.060935974121094
8.66353702545166,50.060935974121094
8.663551330566406,50.060935974121094
8.663564682006836,50.060935974121094
8.663578987121582,50.060935974121094
8.663593292236328,50.060935974121094
8.663606643676758,50.060935974121094
8.663620948791504,50.06093978881836
8.66363525390625,50.06093978881836
8.66364860534668,50.06093978881836
8.663662910461426,50.06093978881836
8.663677215576172,50.06093978881836
8.663691520690918,50.06093978881836
8.663705825805664,50.06093978881836
8.663719177246094,50.06093978881836
8.66373348236084,50.06093978881836
8.663747787475586,50.06093978881836
8.663762092590332,50.06093978881836
8.663776397705078,50.060943603515625
8.663790702819824,50.060943603515625
8.66380500793457,50.060943603515625
8.663819313049316,50.060943603515625
8.663833618164062,50.060943603515625
8.663847923278809,50.060943603515625
8.663862228393555,50.060943603515625
8.663877487182617,50.060943603515625
8.663891792297363,50.060943603515625
8.66390609741211,50.060943603515625
8.663920402526855,50.06094741821289
8.663934707641602,50.06094741821289
8.663949966430664,50.06094741821289
8.66396427154541,50.06094741821289
8.663978576660156,50.06094741821289
8.663992881774902,50.06094741821289
8.664007186889648,50.06094741821289
8.664022445678711,50.06094741821289
8.664036750793457,50.06094741821289
8.664051055908203,50.06094741821289
8.664066314697266,50.06094741821289
8.664080619812012,50.060951232910156
8.664095878601074,50.060951232910156
8.66411018371582,50.060951232910156
8.664124488830566,50.060951232910156
8.664139747619629,50.060951232910156
8.664154052734375,50.060951232910156
8.664169311523438,50.060951232910156
8.664183616638184,50.060951232910156
8.664198875427246,50.060951232910156
8.664214134216309,50.060951232910156
8.664228439331055,50.06095504760742
8.664243698120117,50.06095504760742
8.66425895690918,50.06095504760742
8.664273262023926,50.06095504760742
8.664288520812988,50.06095504760742
8.66430377960205,50.06095504760742
8.664319038391113,50.06095504760742
8.66433334350586,50.06095504760742
8.664348602294922,50.06095504760742
8.664363861083984,50.06095886230469
8.664379119873047,50.06095886230469
8.66439437866211,50.06095886230469
8.664409637451172,50.06095886230469
8.664424896240234,50.06095886230469
8.664440155029297,50.06095886230469
8.66445541381836,50.06095886230469
8.664471626281738,50.06095886230469
8.6644868850708,50.06096267700195
8.664502143859863,50.06096267700195
8.664517402648926,50.06096267700195
8.664532661437988,50.06096267700195
8.664548873901367,50.06096267700195
8.66456413269043,50.06096267700195
8.664579391479492,50.06096267700195
8.664594650268555,50.06096649169922
8.664610862731934,50.06096649169922
8.664626121520996,50.06096649169922
8.664642333984375,50.06096649169922
8.664657592773438,50.06096649169922
8.664673805236816,50.06096649169922
8.664689064025879,50.06096649169922
8.664705276489258,50.060970306396484
8.66472053527832,50.060970306396484
8.6647367477417,50.060970306396484
8.664752960205078,50.060970306396484
8.66476821899414,50.060970306396484
8.66478443145752,50.060970306396484
8.664800643920898,50.06097412109375
8.664815902709961,50.06097412109375
8.66483211517334,50.06097412109375
8.664848327636719,50.06097412109375
8.664864540100098,50.06097412109375
8.66487979888916,50.06097412109375
8.664896011352539,50.060977935791016
8.664912223815918,50.060977935791016
8.664928436279297,50.060977935791016
8.664944648742676,50.060977935791016
8.664960861206055,50.060977935791016
8.664977073669434,50.060977935791016
8.664993286132812,50.06098175048828
8.665009498596191,50.06098175048828
8.665026664733887,50.06098175048828
8.665042877197266,50.06098175048828
8.665059089660645,50.06098175048828
8.665075302124023,50.06098175048828
8.665092468261719,50.06098556518555
8.665108680725098,50.06098556518555
8.665124893188477,50.06098556518555
8.665141105651855,50.06098556518555
8.66515827178955,50.06098556518555
8.66517448425293,50.06098556518555
8.665191650390625,50.06098937988281
8.665207862854004,50.06098937988281
8.6652250289917,50.06098937988281
8.665241241455078,50.06098937988281
8.665258407592773,50.06098937988281
8.665274620056152,50.06098937988281
8.665291786193848,50.06099319458008
8.665308952331543,50.06099319458008
8.665325164794922,50.06099319458008
8.665342330932617,50.06099319458008
8.665359497070312,50.06099319458008
8.665375709533691,50.06099319458008
8.665392875671387,50.060997009277344
8.665410041809082,50.060997009277344
8.665427207946777,50.060997009277344
8.665444374084473,50.060997009277344
8.665461540222168,50.060997009277344
8.665478706359863,50.060997009277344
8.665495872497559,50.06100082397461
8.665513038635254,50.06100082397461
8.66553020477295,50.06100082397461
8.665547370910645,50.06100082397461
8.66556453704834,50.06100082397461
8.665581703186035,50.06100082397461
8.665599822998047,50.061004638671875
8.665616989135742,50.061004638671875
8.665634155273438,50.061004638671875
8.665651321411133,50.061004638671875
8.665669441223145,50.061004638671875
8.66568660736084,50.061004638671875
8.665703773498535,50.061004638671875
8.665721893310547,50.06100845336914
8.665739059448242,50.06100845336914
8.665756225585938,50.06100845336914
8.66577434539795,50.06100845336914
8.665792465209961,50.06100845336914
8.665809631347656,50.06100845336914
8.665827751159668,50.061012268066406
8.66584587097168,50.061012268066406
8.665863037109375,50.061012268066406
8.665881156921387,50.061012268066406
8.665899276733398,50.061012268066406
8.66591739654541,50.061012268066406
8.665935516357422,50.061012268066406
8.665953636169434,50.061012268066406
8.665971755981445,50.061012268066406
8.665989875793457,50.06101608276367
8.666007995605469,50.06101608276367
8.66602611541748,50.06101608276367
8.666044235229492,50.06101608276367
8.666062355041504,50.06101608276367
8.666081428527832,50.06101608276367
8.666099548339844,50.06101608276367
8.666117668151855,50.06101608276367
8.666135787963867,50.06101608276367
8.666154861450195,50.06101608276367
8.666172981262207,50.06101608276367
8.666191101074219,50.06101608276367
8.666210174560547,50.06101608276367
8.666228294372559,50.06101608276367
8.666247367858887,50.06101608276367
8.666265487670898,50.06101989746094
8.666284561157227,50.06101989746094
8.666302680969238,50.06101989746094
8.666321754455566,50.06101989746094
8.666339874267578,50.06101989746094
8.666358947753906,50.06101989746094
8.666378021240234,50.06101989746094
8.666396141052246,50.06101989746094
8.666415214538574,50.06101989746094
8.666434288024902,50.06101989746094
8.666452407836914,50.06101989746094
8.666471481323242,50.06101989746094
8.66649055480957,50.06101989746094
8.666509628295898,50.06101989746094
8.666528701782227,50.06101989746094
8.666547775268555,50.06101989746094
8.666565895080566,50.06101989746094
8.666584968566895,50.06101989746094
8.666604042053223,50.06101989746094
8.66662311553955,50.06101989746094
8.666642189025879,50.06101989746094
8.666661262512207,50.06101989746094
8.666680335998535,50.06101989746094
8.666699409484863,50.06101989746094
8.666718482971191,50.06101989746094
8.666738510131836,50.06101989746094
8.666757583618164,50.06101989746094
8.666776657104492,50.06101989746094
8.66679573059082,50.06101989746094
8.666814804077148,50.06101989746094
8.666834831237793,50.06101989746094
8.666853904724121,50.0610237121582
8.66687297821045,50.0610237121582
8.666893005371094,50.0610237121582
8.666912078857422,50.0610237121582
8.66693115234375,50.0610237121582
8.666951179504395,50.0610237121582
8.666970252990723,50.0610237121582
8.666990280151367,50.0610237121582
8.667009353637695,50.0610237121582
8.66702938079834,50.0610237121582
8.667048454284668,50.0610237121582
8.667068481445312,50.0610237121582
8.667088508605957,50.0610237121582
8.667107582092285,50.0610237121582
8.66712760925293,50.0610237121582
8.667146682739258,50.0610237121582
8.667166709899902,50.0610237121582
8.667186737060547,50.0610237121582
8.667206764221191,50.0610237121582
8.66722583770752,50.0610237121582
8.667245864868164,50.0610237121582
8.667265892028809,50.0610237121582
8.667285919189453,50.0610237121582
8.667305946350098,50.0610237121582
8.667325973510742,50.0610237121582
8.667346000671387,50.0610237121582
8.667366027832031,50.0610237121582
8.667386054992676,50.0610237121582
8.66740608215332,50.0610237121582
8.667426109313965,50.0610237121582
8.66744613647461,50.0610237121582
8.667466163635254,50.0610237121582
8.667486190795898,50.0610237121582
8.667506217956543,50.0610237121582
8.667527198791504,50.0610237121582
8.667547225952148,50.0610237121582
8.667567253112793,50.0610237121582
8.667587280273438,50.0610237121582
8.667608261108398,50.0610237121582
8.667628288269043,50.0610237121582
8.667648315429688,50.0610237121582
8.667669296264648,50.0610237121582
8.667689323425293,50.0610237121582
8.667709350585938,50.0610237121582
8.667730331420898,50.0610237121582
8.667750358581543,50.0610237121582
8.667771339416504,50.0610237121582
8.667791366577148,50.0610237121582
8.66781234741211,50.0610237121582
8.667832374572754,50.0610237121582
8.667853355407715,50.0610237121582
8.667874336242676,50.0610237121582
8.66789436340332,50.0610237121582
8.667915344238281,50.06102752685547
8.667936325073242,50.06102752685547
8.667956352233887,50.06102752685547
8.667977333068848,50.06102752685547
8.667998313903809,50.06102752685547
8.668018341064453,50.06102752685547
8.668039321899414,50.06102752685547
8.668060302734375,50.06102752685547
8.66808032989502,50.06102752685547
8.668100357055664,50.06102752685547
8.668121337890625,50.06102752685547
8.66814136505127,50.06102752685547
8.668161392211914,50.06102752685547
8.668181419372559,50.06102752685547
8.668201446533203,50.06102752685547
8.668221473693848,50.06102752685547
8.668240547180176,50.06102752685547
8.66826057434082,50.06102752685547
8.668279647827148,50.06102752685547
8.668299674987793,50.06102752685547
8.668318748474121,50.06102752685547
8.66833782196045,50.06102752685547
8.668356895446777,50.06102752685547
8.668375968933105,50.06102752685547
8.668395042419434,50.06102752685547
8.668413162231445,50.06102752685547
8.668432235717773,50.06102752685547
8.668450355529785,50.06102752685547
8.668469429016113,50.061031341552734
8.668487548828125,50.061031341552734
8.668505668640137,50.061031341552734
8.668523788452148,50.061031341552734
8.66854190826416,50.061031341552734
8.668559074401855,50.061031341552734
8.668577194213867,50.061031341552734
8.668594360351562,50.061031341552734
8.668611526489258,50.061031341552734
8.668627738952637,50.061031341552734
8.668643951416016,50.061031341552734
8.668660163879395,50.061031341552734
8.668676376342773,50.061031341552734
8.668692588806152,50.061031341552734
8.668708801269531,50.061031341552734
8.66872501373291,50.061031341552734
8.668741226196289,50.061031341552734
8.668757438659668,50.061031341552734
8.668773651123047,50.061031341552734
8.668789863586426,50.061031341552734
8.668805122375488,50.061031341552734
8.668821334838867,50.06103515625
8.66883659362793,50.06103515625
8.668851852416992,50.06103515625
8.668866157531738,50.06103515625
8.668880462646484,50.06103515625
8.66889476776123,50.06103515625
8.668909072875977,50.06103515625
8.668923377990723,50.06103515625
8.668936729431152,50.06103515625
8.668950080871582,50.06103515625
8.668963432312012,50.06103515625
8.668976783752441,50.06103515625
8.668990135192871,50.06103515625
8.6690034866333,50.06103515625
8.66901683807373,50.06103515625
8.66903018951416,50.06103515625
8.66904354095459,50.06103515625
8.66905689239502,50.061038970947266
8.669069290161133,50.061038970947266
8.669081687927246,50.061038970947266
8.669095039367676,50.061038970947266
8.669107437133789,50.061038970947266
8.669119834899902,50.061038970947266
8.6691312789917,50.061038970947266
8.669142723083496,50.061038970947266
8.669154167175293,50.061038970947266
8.66916561126709,50.061038970947266
8.669177055358887,50.061038970947266
8.669187545776367,50.061038970947266
8.669198036193848,50.061038970947266
8.669208526611328,50.061038970947266
8.669219017028809,50.061038970947266
8.669229507446289,50.06104278564453
8.669239044189453,50.06104278564453
8.669249534606934,50.06104278564453
8.669259071350098,50.06104278564453
8.669269561767578,50.06104278564453
8.669279098510742,50.06104278564453
8.669288635253906,50.06104278564453
8.66929817199707,50.06104278564453
8.669307708740234,50.06104278564453
8.669316291809082,50.06104278564453
8.669325828552246,50.06104278564453
8.669334411621094,50.06104278564453
8.669342994689941,50.06104278564453
8.669351577758789,50.0610466003418
8.669360160827637,50.0610466003418
8.669367790222168,50.0610466003418
8.6693754196167,50.0610466003418
8.669384002685547,50.0610466003418
8.669391632080078,50.0610466003418
8.669398307800293,50.0610466003418
8.669405937194824,50.0610466003418
8.669413566589355,50.0610466003418
8.66942024230957,50.0610466003418
8.669426918029785,50.06105041503906
8.66943359375,50.06105041503906
8.669440269470215,50.06105041503906
8.66944694519043,50.06105041503906
8.669453620910645,50.06105041503906
8.669459342956543,50.06105041503906
8.669466018676758,50.06105041503906
8.669471740722656,50.06105041503906
8.669477462768555,50.06105041503906
8.669483184814453,50.06105422973633
8.669487953186035,50.06105422973633
8.669493675231934,50.06105422973633
8.669498443603516,50.06105422973633
8.669504165649414,50.06105422973633
8.669508934020996,50.06105422973633
8.669513702392578,50.06105422973633
8.66951847076416,50.06105422973633
8.669522285461426,50.06105422973633
8.669527053833008,50.06105422973633
8.669530868530273,50.06105422973633
8.669534683227539,50.06105422973633
8.669538497924805,50.061058044433594
8.66954231262207,50.061058044433594
8.669546127319336,50.061058044433594
8.669549942016602,50.061058044433594
8.66955280303955,50.061058044433594
8.669556617736816,50.061058044433594
8.669559478759766,50.061058044433594
8.669562339782715,50.061058044433594
8.669565200805664,50.061058044433594
8.669568061828613,50.061058044433594
8.669570922851562,50.061058044433594
8.669573783874512,50.061058044433594
8.669575691223145,50.061058044433594
8.669578552246094,50.061058044433594
8.669580459594727,50.061058044433594
8.66958236694336,50.061058044433594
8.669584274291992,50.061058044433594
8.669586181640625,50.061058044433594
8.669588088989258,50.061058044433594
8.66958999633789,50.061058044433594
8.669591903686523,50.061058044433594
8.66959285736084,50.061058044433594
8.669593811035156,50.061058044433594
8.669594764709473,50.061058044433594
8.669595718383789,50.061058044433594
8.669596672058105,50.061058044433594
8.669597625732422,50.061058044433594
8.669598579406738,50.061058044433594
8.669598579406738,50.061058044433594
8.669598579406738,50.061058044433594
8.669599533081055,50.061058044433594
8.669599533081055,50.061058044433594
8.669599533081055,50.061058044433594
8.669599533081055,50.061058044433594
8.669599533081055,50.061058044433594
8.669599533081055,50.061058044433594
8.669599533081055,50.061058044433594
8.669599533081055,50.061058044433594
8.669599533081055,50.061058044433594
8.669599533081055,50.061058044433594
8.669599533081055,50.061058044433594
8.669599533081055,50.061058044433594
8.669599533081055,50.061058044433594
8.669599533081055,50.061058044433594
8.669599533081055,50.061058044433594
