8.661802291870117,50.060970306396484
8.661810874938965,50.060970306396484
8.661819458007812,50.060970306396484
8.66182804107666,50.060970306396484
8.661836624145508,50.060970306396484
8.661845207214355,50.060970306396484
8.661853790283203,50.060970306396484
8.66186237335205,50.060970306396484
8.661870002746582,50.060970306396484
8.66187858581543,50.060970306396484
8.661886215209961,50.060970306396484
8.661893844604492,50.060970306396484
8.66190242767334,50.060970306396484
8.661909103393555,50.060970306396484
8.661916732788086,50.060970306396484
8.661924362182617,50.060970306396484
8.661931037902832,50.060970306396484
8.661937713623047,50.060970306396484
8.661945343017578,50.060970306396484
8.661951065063477,50.060970306396484
8.661957740783691,50.060970306396484
8.661964416503906,50.060970306396484
8.661970138549805,50.06097412109375
8.661975860595703,50.06097412109375
8.661981582641602,50.06097412109375
8.6619873046875,50.06097412109375
8.661993026733398,50.06097412109375
8.661998748779297,50.06097412109375
8.662003517150879,50.06097412109375
8.662008285522461,50.06097412109375
8.66201400756836,50.06097412109375
8.662018775939941,50.06097412109375
8.662023544311523,50.06097412109375
8.662027359008789,50.06097412109375
8.662032127380371,50.06097412109375
8.662035942077637,50.06097412109375
8.662040710449219,50.06097412109375
8.662044525146484,50.06097412109375
8.66204833984375,50.06097412109375
8.662052154541016,50.06097412109375
8.662056922912598,50.06097412109375
8.662060737609863,50.06097412109375
8.662064552307129,50.06097412109375
8.662069320678711,50.06097412109375
8.662073135375977,50.06097412109375
8.662076950073242,50.06097412109375
8.662081718444824,50.06097412109375
8.66208553314209,50.06097412109375
8.662089347839355,50.06097412109375
8.662093162536621,50.06097412109375
8.662097930908203,50.06097412109375
8.662101745605469,50.06097412109375
8.662105560302734,50.060977935791016
8.662110328674316,50.060977935791016
8.662114143371582,50.060977935791016
8.662117958068848,50.060977935791016
8.662121772766113,50.060977935791016
8.662126541137695,50.060977935791016
8.662130355834961,50.060977935791016
8.662134170532227,50.060977935791016
8.662137985229492,50.060977935791016
8.662142753601074,50.060977935791016
8.66214656829834,50.060977935791016
8.662150382995605,50.060977935791016
8.662154197692871,50.060977935791016
8.662158012390137,50.060977935791016
8.662161827087402,50.060977935791016
8.662165641784668,50.060977935791016
8.662169456481934,50.060977935791016
8.6621732711792,50.060977935791016
8.662178039550781,50.060977935791016
8.662181854248047,50.060977935791016
8.662185668945312,50.060977935791016
8.662189483642578,50.060977935791016
8.662193298339844,50.060977935791016
8.66219711303711,50.060977935791016
8.662200927734375,50.060977935791016
8.66220474243164,50.060977935791016
8.662208557128906,50.06098175048828
8.662212371826172,50.06098175048828
8.662217140197754,50.06098175048828
8.66222095489502,50.06098175048828
8.662224769592285,50.06098175048828
8.66222858428955,50.06098175048828
8.662232398986816,50.06098175048828
8.662236213684082,50.06098175048828
8.662240028381348,50.06098175048828
8.662243843078613,50.06098175048828
8.662247657775879,50.06098175048828
8.662251472473145,50.06098175048828
8.662256240844727,50.06098175048828
8.662260055541992,50.06098175048828
8.662263870239258,50.06098175048828
8.662267684936523,50.06098175048828
8.662271499633789,50.06098175048828
8.662275314331055,50.06098175048828
8.66227912902832,50.06098175048828
8.662282943725586,50.06098175048828
8.662286758422852,50.06098175048828
8.662290573120117,50.06098175048828
8.662294387817383,50.06098175048828
8.662299156188965,50.06098175048828
8.66230297088623,50.06098175048828
8.662306785583496,50.06098175048828
8.662310600280762,50.06098175048828
8.662314414978027,50.06098175048828
8.662318229675293,50.06098175048828
8.662322044372559,50.06098175048828
8.662325859069824,50.06098175048828
8.66232967376709,50.06098556518555
8.662333488464355,50.06098556518555
8.662337303161621,50.06098556518555
8.662341117858887,50.06098556518555
8.662345886230469,50.06098556518555
8.662349700927734,50.06098556518555
8.662353515625,50.06098556518555
8.662357330322266,50.06098556518555
8.662361145019531,50.06098556518555
8.662364959716797,50.06098556518555
8.662368774414062,50.06098556518555
8.662372589111328,50.06098556518555
8.662376403808594,50.06098556518555
8.66238021850586,50.06098556518555
8.662384033203125,50.06098556518555
8.66238784790039,50.06098556518555
8.662392616271973,50.06098556518555
8.662396430969238,50.06098556518555
8.662400245666504,50.06098556518555
8.66240406036377,50.06098556518555
8.662407875061035,50.06098556518555
8.6624116897583,50.06098556518555
8.662415504455566,50.06098556518555
8.662419319152832,50.06098556518555
8.662423133850098,50.06098556518555
8.662426948547363,50.06098556518555
8.662430763244629,50.06098556518555
8.662434577941895,50.06098556518555
8.662439346313477,50.06098556518555
8.662443161010742,50.06098556518555
8.662446975708008,50.06098556518555
8.662450790405273,50.06098556518555
8.662454605102539,50.06098556518555
8.662458419799805,50.06098556518555
8.66246223449707,50.06098556518555
8.662466049194336,50.06098556518555
8.662469863891602,50.06098556518555
8.662473678588867,50.06098556518555
8.662477493286133,50.06098556518555
8.662481307983398,50.06098556518555
8.662485122680664,50.06098556518555
8.662489891052246,50.06098556518555
8.662493705749512,50.06098556518555
8.662497520446777,50.06098556518555
8.662501335144043,50.06098937988281
8.662505149841309,50.06098937988281
8.662508964538574,50.06098937988281
8.66251277923584,50.06098937988281
8.662516593933105,50.06098937988281
8.662520408630371,50.06098937988281
8.662524223327637,50.06098937988281
8.662528038024902,50.06098937988281
8.662531852722168,50.06098937988281
8.662535667419434,50.06098937988281
8.662540435791016,50.06098937988281
8.662544250488281,50.06098937988281
8.662548065185547,50.06098937988281
8.662551879882812,50.06098937988281
8.662555694580078,50.06098937988281
8.662559509277344,50.06098937988281
8.66256332397461,50.06098937988281
8.662567138671875,50.06098937988281
8.66257095336914,50.06098937988281
8.662574768066406,50.06098937988281
8.662578582763672,50.06098937988281
8.662582397460938,50.06098937988281
8.662586212158203,50.06098937988281
8.662590980529785,50.06098937988281
8.66259479522705,50.06098937988281
8.662598609924316,50.06098937988281
8.662602424621582,50.06098937988281
8.662606239318848,50.06098937988281
8.662610054016113,50.06098937988281
8.662613868713379,50.06098937988281
8.662617683410645,50.06098937988281
8.66262149810791,50.06098937988281
8.662625312805176,50.06098937988281
8.662629127502441,50.06098937988281
8.662633895874023,50.06098937988281
8.662637710571289,50.06098937988281
8.662641525268555,50.06098937988281
8.66264533996582,50.06098937988281
8.662649154663086,50.06098937988281
8.662652969360352,50.06098937988281
8.662656784057617,50.06098937988281
8.662660598754883,50.06098937988281
8.662664413452148,50.06098937988281
8.662668228149414,50.06098937988281
8.66267204284668,50.06098937988281
8.662676811218262,50.06098937988281
8.662680625915527,50.06098937988281
8.662684440612793,50.06098937988281
8.662688255310059,50.06098937988281
8.662692070007324,50.06098937988281
8.66269588470459,50.06098937988281
8.662699699401855,50.06098937988281
8.662703514099121,50.06098937988281
8.662707328796387,50.06098937988281
8.662711143493652,50.06099319458008
8.662714958190918,50.06099319458008
8.6627197265625,50.06099319458008
8.662723541259766,50.06099319458008
8.662727355957031,50.06099319458008
8.662731170654297,50.06099319458008
8.662734985351562,50.06099319458008
8.662738800048828,50.06099319458008
8.662742614746094,50.06099319458008
8.66274642944336,50.06099319458008
8.662750244140625,50.06099319458008
8.662755012512207,50.06099319458008
8.662758827209473,50.06099319458008
8.662762641906738,50.06099319458008
8.662766456604004,50.06099319458008
8.66277027130127,50.06099319458008
8.662774085998535,50.06099319458008
8.6627779006958,50.06099319458008
8.662781715393066,50.06099319458008
8.662785530090332,50.06099319458008
8.662790298461914,50.06099319458008
8.66279411315918,50.06099319458008
8.662797927856445,50.06099319458008
8.662801742553711,50.06099319458008
8.662805557250977,50.06099319458008
8.662809371948242,50.06099319458008
8.662813186645508,50.06099319458008
8.662817001342773,50.06099319458008
8.662821769714355,50.06099319458008
8.662825584411621,50.06099319458008
8.662829399108887,50.06099319458008
8.662833213806152,50.06099319458008
8.662837028503418,50.06099319458008
8.662840843200684,50.06099319458008
8.66284465789795,50.06099319458008
8.662848472595215,50.06099319458008
8.66285228729248,50.06099319458008
8.662857055664062,50.06099319458008
8.662860870361328,50.06099319458008
8.662864685058594,50.06099319458008
8.66286849975586,50.06099319458008
8.662872314453125,50.06099319458008
8.66287612915039,50.06099319458008
8.662879943847656,50.06099319458008
8.662883758544922,50.06099319458008
8.662888526916504,50.06099319458008
8.66289234161377,50.06099319458008
8.662896156311035,50.06099319458008
8.6628999710083,50.06099319458008
8.662903785705566,50.06099319458008
8.662907600402832,50.06099319458008
8.662911415100098,50.06099319458008
8.662915229797363,50.06099319458008
8.662919044494629,50.06099319458008
8.662923812866211,50.06099319458008
8.662927627563477,50.06099319458008
8.662931442260742,50.06099319458008
8.662935256958008,50.06099319458008
8.662939071655273,50.06099319458008
8.662942886352539,50.06099319458008
8.662946701049805,50.06099319458008
8.66295051574707,50.06099319458008
8.662954330444336,50.06099319458008
8.662959098815918,50.06099319458008
8.662962913513184,50.06099319458008
8.66296672821045,50.06099319458008
8.662970542907715,50.06099319458008
8.66297435760498,50.06099319458008
8.662978172302246,50.06099319458008
8.662981986999512,50.06099319458008
8.662985801696777,50.06099319458008
8.662989616394043,50.06099319458008
8.662994384765625,50.06099319458008
8.66299819946289,50.06099319458008
8.663002014160156,50.06099319458008
8.663005828857422,50.06099319458008
8.663009643554688,50.06099319458008
8.663013458251953,50.06099319458008
8.663017272949219,50.06099319458008
8.663021087646484,50.06099319458008
8.663025856018066,50.06099319458008
8.663029670715332,50.06099319458008
8.663033485412598,50.06099319458008
8.663037300109863,50.06099319458008
8.663041114807129,50.06099319458008
8.663044929504395,50.06099319458008
8.66304874420166,50.06099319458008
8.663052558898926,50.06099319458008
8.663056373596191,50.060997009277344
8.663061141967773,50.060997009277344
8.663064956665039,50.060997009277344
8.663068771362305,50.060997009277344
8.66307258605957,50.060997009277344
8.663076400756836,50.060997009277344
8.663080215454102,50.060997009277344
8.663084030151367,50.060997009277344
8.663087844848633,50.060997009277344
8.663091659545898,50.060997009277344
8.66309642791748,50.060997009277344
8.663100242614746,50.060997009277344
8.663104057312012,50.060997009277344
8.663107872009277,50.060997009277344
8.663111686706543,50.060997009277344
8.663115501403809,50.060997009277344
8.663119316101074,50.060997009277344
8.66312313079834,50.060997009277344
8.663126945495605,50.060997009277344
8.663131713867188,50.060997009277344
8.663135528564453,50.060997009277344
8.663139343261719,50.060997009277344
8.663143157958984,50.060997009277344
8.66314697265625,50.060997009277344
8.663150787353516,50.060997009277344
8.663154602050781,50.060997009277344
8.663158416748047,50.060997009277344
8.663163185119629,50.060997009277344
8.663166999816895,50.060997009277344
8.66317081451416,50.060997009277344
8.663174629211426,50.060997009277344
8.663178443908691,50.060997009277344
8.663182258605957,50.060997009277344
8.663186073303223,50.060997009277344
8.663190841674805,50.060997009277344
8.66319465637207,50.060997009277344
8.663198471069336,50.060997009277344
8.663202285766602,50.060997009277344
8.663206100463867,50.060997009277344
8.663209915161133,50.060997009277344
8.663213729858398,50.060997009277344
8.66321849822998,50.060997009277344
8.663222312927246,50.060997009277344
8.663226127624512,50.060997009277344
8.663229942321777,50.060997009277344
8.663233757019043,50.060997009277344
8.663237571716309,50.060997009277344
8.663241386413574,50.060997009277344
8.663246154785156,50.060997009277344
8.663249969482422,50.060997009277344
8.663253784179688,50.060997009277344
8.663257598876953,50.060997009277344
8.663261413574219,50.060997009277344
8.663265228271484,50.060997009277344
8.66326904296875,50.060997009277344
8.663273811340332,50.060997009277344
8.663277626037598,50.060997009277344
8.663281440734863,50.060997009277344
8.663285255432129,50.060997009277344
8.663289070129395,50.060997009277344
8.66329288482666,50.060997009277344
8.663296699523926,50.060997009277344
8.663301467895508,50.060997009277344
8.663305282592773,50.060997009277344
8.663309097290039,50.060997009277344
8.663312911987305,50.060997009277344
8.66331672668457,50.060997009277344
8.663320541381836,50.060997009277344
8.663325309753418,50.060997009277344
8.663329124450684,50.060997009277344
8.66333293914795,50.060997009277344
8.663336753845215,50.060997009277344
8.66334056854248,50.060997009277344
8.663344383239746,50.060997009277344
8.663349151611328,50.060997009277344
8.663352966308594,50.060997009277344
8.66335678100586,50.060997009277344
8.663360595703125,50.060997009277344
8.66336441040039,50.060997009277344
8.663368225097656,50.060997009277344
8.663372993469238,50.060997009277344
8.663376808166504,50.060997009277344
8.66338062286377,50.06100082397461
8.663384437561035,50.06100082397461
8.6633882522583,50.06100082397461
8.663393020629883,50.06100082397461
8.663396835327148,50.06100082397461
8.663400650024414,50.06100082397461
8.66340446472168,50.06100082397461
8.663408279418945,50.06100082397461
8.663412094116211,50.06100082397461
8.663416862487793,50.06100082397461
8.663420677185059,50.06100082397461
8.663424491882324,50.06100082397461
8.66342830657959,50.06100082397461
8.663432121276855,50.06100082397461
8.663436889648438,50.06100082397461
8.663440704345703,50.06100082397461
8.663444519042969,50.06100082397461
8.663448333740234,50.06100082397461
8.6634521484375,50.06100082397461
8.663455963134766,50.06100082397461
8.663460731506348,50.06100082397461
8.663464546203613,50.06100082397461
8.663468360900879,50.06100082397461
8.663472175598145,50.06100082397461
8.66347599029541,50.06100082397461
8.663479804992676,50.06100082397461
8.663484573364258,50.06100082397461
8.663488388061523,50.06100082397461
8.663492202758789,50.06100082397461
8.663496017456055,50.06100082397461
8.66349983215332,50.06100082397461
8.663504600524902,50.06100082397461
8.663508415222168,50.06100082397461
8.663512229919434,50.06100082397461
8.6635160446167,50.06100082397461
8.663519859313965,50.06100082397461
8.66352367401123,50.06100082397461
8.663528442382812,50.06100082397461
8.663532257080078,50.06100082397461
8.663536071777344,50.06100082397461
8.66353988647461,50.06100082397461
8.663543701171875,50.06100082397461
8.66354751586914,50.061004638671875
8.663552284240723,50.061004638671875
8.663556098937988,50.061004638671875
8.663559913635254,50.061004638671875
8.66356372833252,50.061004638671875
8.663567543029785,50.061004638671875
8.66357135772705,50.061004638671875
8.663576126098633,50.061004638671875
8.663579940795898,50.061004638671875
8.663583755493164,50.061004638671875
8.66358757019043,50.061004638671875
8.663591384887695,50.061004638671875
8.663595199584961,50.061004638671875
8.663599967956543,50.061004638671875
8.663603782653809,50.061004638671875
8.663607597351074,50.061004638671875
8.66361141204834,50.061004638671875
8.663615226745605,50.061004638671875
8.663619041442871,50.061004638671875
8.663623809814453,50.061004638671875
8.663627624511719,50.061004638671875
8.663631439208984,50.061004638671875
8.66363525390625,50.061004638671875
8.663639068603516,50.061004638671875
8.663642883300781,50.061004638671875
8.663647651672363,50.061004638671875
8.663651466369629,50.061004638671875
8.663655281066895,50.061004638671875
8.66365909576416,50.061004638671875
8.663662910461426,50.061004638671875
8.663666725158691,50.06100845336914
8.663671493530273,50.06100845336914
8.663675308227539,50.06100845336914
8.663679122924805,50.06100845336914
8.66368293762207,50.06100845336914
8.663686752319336,50.06100845336914
8.663690567016602,50.06100845336914
8.663695335388184,50.06100845336914
8.66369915008545,50.06100845336914
8.663702964782715,50.06100845336914
8.66370677947998,50.06100845336914
8.663710594177246,50.06100845336914
8.663714408874512,50.06100845336914
8.663719177246094,50.06100845336914
8.66372299194336,50.06100845336914
8.663726806640625,50.06100845336914
8.66373062133789,50.06100845336914
8.663734436035156,50.06100845336914
8.663738250732422,50.06100845336914
8.663743019104004,50.06100845336914
8.66374683380127,50.06100845336914
8.663750648498535,50.06100845336914
8.6637544631958,50.06100845336914
8.663758277893066,50.06100845336914
8.663762092590332,50.06100845336914
8.663766860961914,50.06100845336914
8.66377067565918,50.06100845336914
8.663774490356445,50.06100845336914
8.663778305053711,50.06100845336914
8.663782119750977,50.061012268066406
8.663785934448242,50.061012268066406
8.663790702819824,50.061012268066406
8.66379451751709,50.061012268066406
8.663798332214355,50.061012268066406
8.663802146911621,50.061012268066406
8.663805961608887,50.061012268066406
8.663809776306152,50.061012268066406
8.663814544677734,50.061012268066406
8.663818359375,50.061012268066406
8.663822174072266,50.061012268066406
8.663825988769531,50.061012268066406
8.663829803466797,50.061012268066406
8.663833618164062,50.061012268066406
8.663838386535645,50.061012268066406
8.66384220123291,50.061012268066406
8.663846015930176,50.061012268066406
8.663849830627441,50.061012268066406
8.663853645324707,50.061012268066406
8.663857460021973,50.061012268066406
8.663861274719238,50.061012268066406
8.66386604309082,50.061012268066406
8.663869857788086,50.061012268066406
8.663873672485352,50.061012268066406
8.663877487182617,50.061012268066406
8.663881301879883,50.061012268066406
8.663885116577148,50.061012268066406
8.66388988494873,50.061012268066406
8.663893699645996,50.061012268066406
8.663897514343262,50.061012268066406
8.663901329040527,50.06101608276367
8.663905143737793,50.06101608276367
8.663908958435059,50.06101608276367
8.663912773132324,50.06101608276367
8.663917541503906,50.06101608276367
8.663921356201172,50.06101608276367
8.663925170898438,50.06101608276367
8.663928985595703,50.06101608276367
8.663932800292969,50.06101608276367
8.663936614990234,50.06101608276367
8.6639404296875,50.06101608276367
8.663945198059082,50.06101608276367
8.663949012756348,50.06101608276367
8.663952827453613,50.06101608276367
8.663956642150879,50.06101608276367
8.663960456848145,50.06101608276367
8.66396427154541,50.06101608276367
8.663968086242676,50.06101608276367
8.663972854614258,50.06101608276367
8.663976669311523,50.06101608276367
8.663980484008789,50.06101608276367
8.663984298706055,50.06101608276367
8.66398811340332,50.06101608276367
8.663991928100586,50.06101608276367
8.663995742797852,50.06101608276367
8.664000511169434,50.06101608276367
8.6640043258667,50.06101608276367
8.664008140563965,50.06101608276367
8.66401195526123,50.06101608276367
8.664015769958496,50.06101608276367
8.664019584655762,50.06101608276367
8.664023399353027,50.06101989746094
8.66402816772461,50.06101989746094
8.664031982421875,50.06101989746094
8.66403579711914,50.06101989746094
8.664039611816406,50.06101989746094
8.664043426513672,50.06101989746094
8.664047241210938,50.06101989746094
8.664051055908203,50.06101989746094
8.664055824279785,50.06101989746094
8.66405963897705,50.06101989746094
8.664063453674316,50.06101989746094
8.664067268371582,50.06101989746094
8.664071083068848,50.06101989746094
8.664074897766113,50.06101989746094
8.664078712463379,50.06101989746094
8.664083480834961,50.06101989746094
8.664087295532227,50.06101989746094
8.664091110229492,50.06101989746094
8.664094924926758,50.06101989746094
8.664098739624023,50.06101989746094
8.664102554321289,50.06101989746094
8.664106369018555,50.06101989746094
8.664111137390137,50.06101989746094
8.664114952087402,50.06101989746094
8.664118766784668,50.06101989746094
8.664122581481934,50.06101989746094
8.6641263961792,50.06101989746094
8.664130210876465,50.06101989746094
8.664134979248047,50.06101989746094
8.664138793945312,50.06101989746094
8.664142608642578,50.06101989746094
8.664146423339844,50.0610237121582
8.66415023803711,50.0610237121582
8.664154052734375,50.0610237121582
8.664158821105957,50.0610237121582
8.664162635803223,50.0610237121582
8.664166450500488,50.0610237121582
8.664170265197754,50.0610237121582
8.66417407989502,50.0610237121582
8.664177894592285,50.0610237121582
8.66418170928955,50.0610237121582
8.664186477661133,50.0610237121582
8.664190292358398,50.0610237121582
8.664194107055664,50.0610237121582
8.66419792175293,50.0610237121582
8.664201736450195,50.0610237121582
8.664205551147461,50.0610237121582
8.664210319519043,50.0610237121582
8.664214134216309,50.0610237121582
8.664217948913574,50.0610237121582
8.66422176361084,50.0610237121582
8.664225578308105,50.0610237121582
8.664229393005371,50.0610237121582
8.664234161376953,50.0610237121582
8.664237976074219,50.0610237121582
8.664241790771484,50.0610237121582
8.66424560546875,50.0610237121582
8.664249420166016,50.0610237121582
8.664253234863281,50.0610237121582
8.664258003234863,50.0610237121582
8.664261817932129,50.0610237121582
8.664265632629395,50.06102752685547
8.66426944732666,50.06102752685547
8.664273262023926,50.06102752685547
8.664277076721191,50.06102752685547
8.664281845092773,50.06102752685547
8.664285659790039,50.06102752685547
8.664289474487305,50.06102752685547
8.66429328918457,50.06102752685547
8.664297103881836,50.06102752685547
8.664300918579102,50.06102752685547
8.664305686950684,50.06102752685547
8.66430950164795,50.06102752685547
8.664313316345215,50.06102752685547
8.66431713104248,50.06102752685547
8.664320945739746,50.06102752685547
8.664324760437012,50.06102752685547
8.664329528808594,50.06102752685547
8.66433334350586,50.06102752685547
8.664337158203125,50.06102752685547
8.66434097290039,50.06102752685547
8.664344787597656,50.06102752685547
8.664348602294922,50.06102752685547
8.664353370666504,50.06102752685547
8.66435718536377,50.06102752685547
8.664361000061035,50.06102752685547
8.6643648147583,50.06102752685547
8.664368629455566,50.06102752685547
8.664372444152832,50.06102752685547
8.664377212524414,50.06102752685547
8.66438102722168,50.06102752685547
8.664384841918945,50.06102752685547
8.664388656616211,50.061031341552734
8.664392471313477,50.061031341552734
8.664396286010742,50.061031341552734
8.664401054382324,50.061031341552734
8.66440486907959,50.061031341552734
8.664408683776855,50.061031341552734
8.664412498474121,50.061031341552734
8.664416313171387,50.061031341552734
8.664420127868652,50.061031341552734
8.664424896240234,50.061031341552734
8.6644287109375,50.061031341552734
8.664432525634766,50.061031341552734
8.664436340332031,50.061031341552734
8.664440155029297,50.061031341552734
8.664443969726562,50.061031341552734
8.664448738098145,50.061031341552734
8.66445255279541,50.061031341552734
8.664456367492676,50.061031341552734
8.664460182189941,50.061031341552734
8.664463996887207,50.061031341552734
8.664467811584473,50.061031341552734
8.664472579956055,50.061031341552734
8.66447639465332,50.061031341552734
8.664480209350586,50.061031341552734
8.664484024047852,50.061031341552734
8.664487838745117,50.061031341552734
8.664491653442383,50.061031341552734
8.664496421813965,50.061031341552734
8.66450023651123,50.061031341552734
8.664504051208496,50.06103515625
8.664507865905762,50.06103515625
8.664511680603027,50.06103515625
8.664515495300293,50.06103515625
8.664520263671875,50.06103515625
8.66452407836914,50.06103515625
8.664527893066406,50.06103515625
8.664531707763672,50.06103515625
8.664535522460938,50.06103515625
8.664539337158203,50.06103515625
8.664544105529785,50.06103515625
8.66454792022705,50.06103515625
8.664551734924316,50.06103515625
8.664555549621582,50.06103515625
8.664559364318848,50.06103515625
8.664563179016113,50.06103515625
8.664566993713379,50.06103515625
8.664571762084961,50.06103515625
8.664575576782227,50.06103515625
8.664579391479492,50.06103515625
8.664583206176758,50.06103515625
8.664587020874023,50.06103515625
8.664590835571289,50.06103515625
8.664594650268555,50.06103515625
8.664599418640137,50.06103515625
8.664603233337402,50.06103515625
8.664607048034668,50.06103515625
8.664610862731934,50.06103515625
8.6646146774292,50.06103515625
8.664618492126465,50.06103515625
8.66462230682373,50.061038970947266
8.664627075195312,50.061038970947266
8.664630889892578,50.061038970947266
8.664634704589844,50.061038970947266
8.66463851928711,50.061038970947266
8.664642333984375,50.061038970947266
8.66464614868164,50.061038970947266
8.664649963378906,50.061038970947266
8.664654731750488,50.061038970947266
8.664658546447754,50.061038970947266
8.66466236114502,50.061038970947266
8.664666175842285,50.061038970947266
8.66466999053955,50.061038970947266
8.664673805236816,50.061038970947266
8.664677619934082,50.061038970947266
8.664682388305664,50.061038970947266
8.66468620300293,50.061038970947266
8.664690017700195,50.061038970947266
8.664693832397461,50.061038970947266
8.664697647094727,50.061038970947266
8.664701461791992,50.061038970947266
8.664705276489258,50.061038970947266
8.66471004486084,50.061038970947266
8.664713859558105,50.061038970947266
8.664717674255371,50.061038970947266
8.664721488952637,50.061038970947266
8.664725303649902,50.061038970947266
8.664729118347168,50.061038970947266
8.66473388671875,50.061038970947266
8.664737701416016,50.061038970947266
8.664741516113281,50.06104278564453
8.664745330810547,50.06104278564453
8.664749145507812,50.06104278564453
8.664752960205078,50.06104278564453
8.664756774902344,50.06104278564453
8.664761543273926,50.06104278564453
8.664765357971191,50.06104278564453
8.664769172668457,50.06104278564453
8.664772987365723,50.06104278564453
8.664776802062988,50.06104278564453
8.664780616760254,50.06104278564453
8.66478443145752,50.06104278564453
8.664789199829102,50.06104278564453
8.664793014526367,50.06104278564453
8.664796829223633,50.06104278564453
8.664800643920898,50.06104278564453
8.664804458618164,50.06104278564453
8.66480827331543,50.06104278564453
8.664813041687012,50.06104278564453
8.664816856384277,50.06104278564453
8.664820671081543,50.06104278564453
8.664824485778809,50.06104278564453
8.664828300476074,50.06104278564453
8.66483211517334,50.06104278564453
8.664835929870605,50.06104278564453
8.664840698242188,50.06104278564453
8.664844512939453,50.06104278564453
8.664848327636719,50.06104278564453
8.664852142333984,50.0610466003418
8.66485595703125,50.0610466003418
8.664859771728516,50.0610466003418
8.664863586425781,50.0610466003418
8.664867401123047,50.0610466003418
8.664872169494629,50.0610466003418
8.664875984191895,50.0610466003418
8.66487979888916,50.0610466003418
8.664883613586426,50.0610466003418
8.664887428283691,50.0610466003418
8.664891242980957,50.0610466003418
8.664895057678223,50.0610466003418
8.664899826049805,50.0610466003418
8.66490364074707,50.0610466003418
8.664907455444336,50.0610466003418
8.664911270141602,50.0610466003418
8.664915084838867,50.0610466003418
8.664918899536133,50.0610466003418
8.664922714233398,50.0610466003418
8.664926528930664,50.0610466003418
8.664931297302246,50.0610466003418
8.664935111999512,50.0610466003418
8.664938926696777,50.0610466003418
8.664942741394043,50.0610466003418
8.664946556091309,50.0610466003418
8.664950370788574,50.0610466003418
8.66495418548584,50.0610466003418
8.664958000183105,50.0610466003418
8.664962768554688,50.0610466003418
8.664966583251953,50.0610466003418
8.664970397949219,50.06105041503906
8.664974212646484,50.06105041503906
8.66497802734375,50.06105041503906
8.664981842041016,50.06105041503906
8.664985656738281,50.06105041503906
8.664989471435547,50.06105041503906
8.664994239807129,50.06105041503906
8.664998054504395,50.06105041503906
8.66500186920166,50.06105041503906
8.665005683898926,50.06105041503906
8.665009498596191,50.06105041503906
8.665013313293457,50.06105041503906
8.665017127990723,50.06105041503906
8.665020942687988,50.06105041503906
8.66502571105957,50.06105041503906
8.665029525756836,50.06105041503906
8.665033340454102,50.06105041503906
8.665037155151367,50.06105041503906
8.665040969848633,50.06105041503906
8.665044784545898,50.06105041503906
8.665048599243164,50.06105041503906
8.66505241394043,50.06105041503906
8.665057182312012,50.06105041503906
8.665060997009277,50.06105041503906
8.665064811706543,50.06105041503906
8.665068626403809,50.06105041503906
8.665072441101074,50.06105041503906
8.66507625579834,50.06105041503906
8.665080070495605,50.06105041503906
8.665083885192871,50.06105422973633
8.665088653564453,50.06105422973633
8.665092468261719,50.06105422973633
8.665096282958984,50.06105422973633
8.66510009765625,50.06105422973633
8.665103912353516,50.06105422973633
8.665107727050781,50.06105422973633
8.665111541748047,50.06105422973633
8.665115356445312,50.06105422973633
8.665120124816895,50.06105422973633
8.66512393951416,50.06105422973633
8.665127754211426,50.06105422973633
8.665131568908691,50.06105422973633
8.665135383605957,50.06105422973633
8.665139198303223,50.06105422973633
8.665143013000488,50.06105422973633
8.665146827697754,50.06105422973633
8.665151596069336,50.06105422973633
8.665155410766602,50.06105422973633
8.665159225463867,50.06105422973633
8.665163040161133,50.06105422973633
8.665166854858398,50.06105422973633
8.665170669555664,50.06105422973633
8.66517448425293,50.06105422973633
8.665179252624512,50.06105422973633
8.665183067321777,50.06105422973633
8.665186882019043,50.061058044433594
8.665190696716309,50.061058044433594
8.665194511413574,50.061058044433594
8.66519832611084,50.061058044433594
8.665202140808105,50.061058044433594
8.665205955505371,50.061058044433594
8.665210723876953,50.061058044433594
8.665214538574219,50.061058044433594
8.665218353271484,50.061058044433594
8.66522216796875,50.061058044433594
8.665225982666016,50.061058044433594
8.665229797363281,50.061058044433594
8.665233612060547,50.061058044433594
8.665238380432129,50.061058044433594
8.665242195129395,50.061058044433594
8.66524600982666,50.061058044433594
8.665249824523926,50.061058044433594
8.665253639221191,50.061058044433594
8.665257453918457,50.061058044433594
8.665261268615723,50.061058044433594
8.665266036987305,50.061058044433594
8.66526985168457,50.061058044433594
8.665273666381836,50.061058044433594
8.665277481079102,50.061058044433594
8.665281295776367,50.061058044433594
8.665285110473633,50.061058044433594
8.665288925170898,50.06106185913086
8.66529369354248,50.06106185913086
8.665297508239746,50.06106185913086
8.665301322937012,50.06106185913086
8.665305137634277,50.06106185913086
8.665308952331543,50.06106185913086
8.665312767028809,50.06106185913086
8.665316581726074,50.06106185913086
8.665321350097656,50.06106185913086
8.665325164794922,50.06106185913086
8.665328979492188,50.06106185913086
8.665332794189453,50.06106185913086
8.665336608886719,50.06106185913086
8.665340423583984,50.06106185913086
8.66534423828125,50.06106185913086
8.665349006652832,50.06106185913086
8.665352821350098,50.06106185913086
8.665356636047363,50.06106185913086
8.665360450744629,50.06106185913086
8.665364265441895,50.06106185913086
8.66536808013916,50.06106185913086
8.665371894836426,50.06106185913086
8.665376663208008,50.06106185913086
8.665380477905273,50.06106185913086
8.665384292602539,50.06106185913086
8.665388107299805,50.061065673828125
8.66539192199707,50.061065673828125
8.665395736694336,50.061065673828125
8.665400505065918,50.061065673828125
8.665404319763184,50.061065673828125
8.66540813446045,50.061065673828125
8.665411949157715,50.061065673828125
8.66541576385498,50.061065673828125
8.665419578552246,50.061065673828125
8.665424346923828,50.061065673828125
8.665428161621094,50.061065673828125
8.66543197631836,50.061065673828125
8.665435791015625,50.061065673828125
8.66543960571289,50.061065673828125
8.665443420410156,50.061065673828125
8.665448188781738,50.061065673828125
8.665452003479004,50.061065673828125
8.66545581817627,50.061065673828125
8.665459632873535,50.061065673828125
8.6654634475708,50.061065673828125
8.665468215942383,50.061065673828125
8.665472030639648,50.061065673828125
8.665475845336914,50.061065673828125
8.66547966003418,50.061065673828125
8.665483474731445,50.061065673828125
8.665487289428711,50.061065673828125
8.665492057800293,50.06106948852539
8.665495872497559,50.06106948852539
8.665499687194824,50.06106948852539
8.66550350189209,50.06106948852539
8.665507316589355,50.06106948852539
8.665512084960938,50.06106948852539
8.665515899658203,50.06106948852539
8.665519714355469,50.06106948852539
8.665523529052734,50.06106948852539
8.66552734375,50.06106948852539
8.665532112121582,50.06106948852539
8.665535926818848,50.06106948852539
8.665539741516113,50.06106948852539
8.665543556213379,50.06106948852539
8.665548324584961,50.06106948852539
8.665552139282227,50.06106948852539
8.665555953979492,50.06106948852539
8.665559768676758,50.06106948852539
8.66556453704834,50.06106948852539
8.665568351745605,50.06106948852539
8.665572166442871,50.06106948852539
8.665575981140137,50.06106948852539
8.665579795837402,50.06106948852539
8.665583610534668,50.06106948852539
8.665587425231934,50.06106948852539
8.6655912399292,50.06106948852539
8.665595054626465,50.061073303222656
8.665599822998047,50.061073303222656
8.665603637695312,50.061073303222656
8.665607452392578,50.061073303222656
8.665611267089844,50.061073303222656
8.66561508178711,50.061073303222656
8.665618896484375,50.061073303222656
8.66562271118164,50.061073303222656
8.665626525878906,50.061073303222656
8.665630340576172,50.061073303222656
8.665635108947754,50.061073303222656
8.66563892364502,50.061073303222656
8.665642738342285,50.061073303222656
8.66564655303955,50.061073303222656
8.665650367736816,50.061073303222656
8.665654182434082,50.061073303222656
8.665658950805664,50.061073303222656
8.66566276550293,50.061073303222656
8.665666580200195,50.061073303222656
8.665670394897461,50.061073303222656
8.665674209594727,50.061073303222656
8.665678024291992,50.061073303222656
8.665682792663574,50.061073303222656
8.66568660736084,50.061073303222656
8.665690422058105,50.061073303222656
8.665694236755371,50.061073303222656
8.665698051452637,50.061073303222656
8.665702819824219,50.061073303222656
8.665706634521484,50.061073303222656
8.66571044921875,50.061073303222656
8.665714263916016,50.061073303222656
8.665718078613281,50.061073303222656
8.665722846984863,50.061073303222656
8.665726661682129,50.06107711791992
8.665730476379395,50.06107711791992
8.66573429107666,50.06107711791992
8.665738105773926,50.06107711791992
8.665742874145508,50.06107711791992
8.665746688842773,50.06107711791992
8.665750503540039,50.06107711791992
8.665754318237305,50.06107711791992
8.665759086608887,50.06107711791992
8.665762901306152,50.06107711791992
8.665766716003418,50.06107711791992
8.665771484375,50.06107711791992
8.665775299072266,50.06107711791992
8.665779113769531,50.06107711791992
8.665782928466797,50.06107711791992
8.665787696838379,50.06107711791992
8.665791511535645,50.06107711791992
8.66579532623291,50.06107711791992
8.665799140930176,50.06107711791992
8.665803909301758,50.06107711791992
8.665807723999023,50.06107711791992
8.665811538696289,50.06107711791992
8.665816307067871,50.06107711791992
8.665820121765137,50.06107711791992
8.665823936462402,50.06107711791992
8.665827751159668,50.06107711791992
8.665831565856934,50.06107711791992
8.6658353805542,50.06107711791992
8.665839195251465,50.06107711791992
8.66584300994873,50.06107711791992
8.665846824645996,50.06107711791992
8.665850639343262,50.06107711791992
8.665854454040527,50.06107711791992
8.665858268737793,50.06107711791992
8.665863037109375,50.06107711791992
8.66586685180664,50.06107711791992
8.665870666503906,50.06107711791992
8.665874481201172,50.06107711791992
8.665878295898438,50.06107711791992
8.665882110595703,50.06107711791992
8.665885925292969,50.06107711791992
8.665889739990234,50.06107711791992
8.6658935546875,50.06107711791992
8.665897369384766,50.06107711791992
8.665901184082031,50.06107711791992
8.665904998779297,50.06107711791992
8.665908813476562,50.06107711791992
8.665912628173828,50.06107711791992
8.665916442871094,50.06107711791992
8.66592025756836,50.06107711791992
8.665925025939941,50.06107711791992
8.665928840637207,50.06107711791992
8.665932655334473,50.06107711791992
8.665936470031738,50.06107711791992
8.665940284729004,50.06107711791992
8.66594409942627,50.06107711791992
8.665947914123535,50.06107711791992
8.6659517288208,50.06107711791992
8.665956497192383,50.06107711791992
8.665960311889648,50.06108093261719
8.665964126586914,50.06108093261719
8.66596794128418,50.06108093261719
8.665971755981445,50.06108093261719
8.665975570678711,50.06108093261719
8.665979385375977,50.06108093261719
8.665984153747559,50.06108093261719
8.665987968444824,50.06108093261719
8.66599178314209,50.06108093261719
8.665995597839355,50.06108093261719
8.665999412536621,50.06108093261719
8.666003227233887,50.06108093261719
8.666007995605469,50.06108093261719
8.666011810302734,50.06108093261719
8.666015625,50.06108093261719
8.666019439697266,50.06108093261719
8.666023254394531,50.06108093261719
8.666028022766113,50.06108093261719
8.666031837463379,50.06108093261719
8.666035652160645,50.06108093261719
8.66603946685791,50.06108093261719
8.666043281555176,50.06108093261719
8.666047096252441,50.06108093261719
8.666051864624023,50.06108093261719
8.666055679321289,50.06108093261719
8.666059494018555,50.06108093261719
8.66606330871582,50.06108093261719
8.666067123413086,50.06108093261719
8.666071891784668,50.06108093261719
8.666075706481934,50.06108093261719
8.6660795211792,50.06108093261719
8.666083335876465,50.06108093261719
8.66608715057373,50.06108093261719
8.666091918945312,50.06108093261719
8.666095733642578,50.06108093261719
8.666099548339844,50.06108093261719
8.66610336303711,50.06108093261719
8.666107177734375,50.06108093261719
8.666111946105957,50.06108093261719
8.666115760803223,50.06108093261719
8.666119575500488,50.06108093261719
8.666123390197754,50.06108093261719
8.66612720489502,50.06108093261719
8.666131973266602,50.06108093261719
8.666135787963867,50.06108093261719
8.666139602661133,50.06108093261719
8.666143417358398,50.06108093261719
8.666147232055664,50.06108093261719
8.666152000427246,50.06108093261719
8.666155815124512,50.06108093261719
8.666159629821777,50.06108093261719
8.666163444519043,50.06108093261719
8.666167259216309,50.06108093261719
8.66617202758789,50.06108093261719
8.666175842285156,50.06108093261719
8.666179656982422,50.06108093261719
8.666183471679688,50.06108093261719
8.666187286376953,50.06108093261719
8.666192054748535,50.06108093261719
8.6661958694458,50.06108093261719
8.666199684143066,50.06108093261719
8.666203498840332,50.06108093261719
8.666207313537598,50.06108093261719
8.66621208190918,50.06108093261719
8.666215896606445,50.06108093261719
8.666219711303711,50.06108093261719
8.666223526000977,50.06108093261719
8.666228294372559,50.06108093261719
8.666232109069824,50.06108093261719
8.66623592376709,50.06108093261719
8.666239738464355,50.06108093261719
8.666243553161621,50.06108093261719
8.666248321533203,50.06108093261719
8.666252136230469,50.06108093261719
8.666255950927734,50.06108093261719
8.666259765625,50.06108093261719
8.666263580322266,50.06108093261719
8.666268348693848,50.06108093261719
8.666272163391113,50.06108093261719
8.666275978088379,50.06108093261719
8.666279792785645,50.06108093261719
8.66628360748291,50.06108093261719
8.666287422180176,50.06108093261719
8.666291236877441,50.06108093261719
8.666296005249023,50.06108093261719
8.666299819946289,50.06108093261719
8.666303634643555,50.06108093261719
8.66630744934082,50.06108093261719
8.666311264038086,50.06108093261719
8.666315078735352,50.06108093261719
8.666319847106934,50.06108093261719
8.6663236618042,50.06108093261719
8.666327476501465,50.06108093261719
8.66633129119873,50.06108093261719
8.666335105895996,50.06108093261719
8.666338920593262,50.06108093261719
8.666342735290527,50.06108093261719
8.666346549987793,50.06108093261719
8.666351318359375,50.06108093261719
8.66635513305664,50.06108093261719
8.666358947753906,50.06108093261719
8.666362762451172,50.06108093261719
8.666366577148438,50.06108093261719
8.666370391845703,50.06108093261719
8.666374206542969,50.06108093261719
8.666378021240234,50.06108093261719
8.666382789611816,50.06108093261719
8.666386604309082,50.06108093261719
8.666390419006348,50.06108093261719
8.666394233703613,50.06108093261719
8.666398048400879,50.06108093261719
8.666401863098145,50.06108093261719
8.66640567779541,50.06108093261719
8.666409492492676,50.06108093261719
8.666414260864258,50.06108093261719
8.666418075561523,50.06108093261719
8.666421890258789,50.06108093261719
8.666425704956055,50.06108093261719
8.66642951965332,50.06108093261719
8.666433334350586,50.06108093261719
8.666437149047852,50.06108093261719
8.666440963745117,50.06108093261719
8.666444778442383,50.06108093261719
8.666448593139648,50.06108093261719
8.666452407836914,50.06108093261719
8.666457176208496,50.06108093261719
8.666460990905762,50.06108093261719
8.666464805603027,50.06108093261719
8.666468620300293,50.06108093261719
8.666472434997559,50.06108093261719
8.666476249694824,50.06108093261719
8.66648006439209,50.06108093261719
8.666483879089355,50.06108093261719
8.666487693786621,50.06108093261719
8.666491508483887,50.06108093261719
8.666495323181152,50.06108093261719
8.666499137878418,50.06108093261719
8.66650390625,50.06108474731445
8.666507720947266,50.06108474731445
8.666511535644531,50.06108474731445
8.666515350341797,50.06108474731445
8.666519165039062,50.06108474731445
8.666522979736328,50.06108474731445
8.666526794433594,50.06108474731445
8.66653060913086,50.06108474731445
8.666534423828125,50.06108474731445
8.66653823852539,50.06108474731445
8.666542053222656,50.06108474731445
8.666545867919922,50.06108474731445
8.666549682617188,50.06108474731445
8.66655445098877,50.06108474731445
8.666558265686035,50.06108474731445
8.6665620803833,50.06108474731445
8.666565895080566,50.06108474731445
8.666569709777832,50.06108474731445
8.666573524475098,50.06108474731445
8.666577339172363,50.06108474731445
8.666581153869629,50.06108474731445
8.666584968566895,50.06108474731445
8.66658878326416,50.06108474731445
8.666592597961426,50.06108474731445
8.666596412658691,50.06108474731445
8.666600227355957,50.06108474731445
8.666604042053223,50.06108474731445
8.666607856750488,50.06108474731445
8.666611671447754,50.06108474731445
8.66661548614502,50.06108474731445
8.666619300842285,50.06108474731445
8.66662311553955,50.06108474731445
8.666626930236816,50.06108474731445
8.666631698608398,50.06108474731445
8.666635513305664,50.06108474731445
8.66663932800293,50.06108474731445
8.666643142700195,50.06108474731445
8.666646957397461,50.06108474731445
8.666650772094727,50.06108474731445
8.666654586791992,50.06108474731445
8.666658401489258,50.06108474731445
8.666662216186523,50.06108474731445
8.666666030883789,50.06108474731445
8.666669845581055,50.06108474731445
8.66667366027832,50.06108474731445
8.666677474975586,50.06108474731445
8.666681289672852,50.06108474731445
8.666685104370117,50.06108474731445
8.666688919067383,50.06108474731445
8.666692733764648,50.06108474731445
8.666696548461914,50.06108474731445
8.66670036315918,50.06108474731445
8.666704177856445,50.06108474731445
8.666707992553711,50.06108474731445
8.666711807250977,50.06108474731445
8.666715621948242,50.06108474731445
8.666719436645508,50.06108474731445
8.666723251342773,50.06108474731445
8.666727066040039,50.06108474731445
8.666730880737305,50.06108474731445
8.66673469543457,50.06108474731445
8.666738510131836,50.06108474731445
8.666742324829102,50.06108474731445
8.666746139526367,50.06108474731445
8.666749954223633,50.06108474731445
8.666753768920898,50.06108474731445
8.666757583618164,50.06108474731445
8.66676139831543,50.06108474731445
8.666765213012695,50.06108474731445
8.666769027709961,50.06108474731445
8.666772842407227,50.06108474731445
8.666775703430176,50.06108474731445
8.666779518127441,50.06108474731445
8.666783332824707,50.06108474731445
8.666787147521973,50.06108474731445
8.666790962219238,50.06108474731445
8.666794776916504,50.06108474731445
8.66679859161377,50.06108474731445
8.666802406311035,50.06108474731445
8.6668062210083,50.06108474731445
8.666810035705566,50.06108474731445
8.666813850402832,50.06108474731445
8.666817665100098,50.06108474731445
8.666821479797363,50.06108474731445
8.666825294494629,50.06108474731445
8.666829109191895,50.06108474731445
8.666831970214844,50.06108474731445
8.66683578491211,50.06108474731445
8.666839599609375,50.06108474731445
8.66684341430664,50.06108474731445
8.66684627532959,50.06108474731445
8.666850090026855,50.06108474731445
8.666852951049805,50.06108474731445
8.666855812072754,50.06108474731445
8.666858673095703,50.06108474731445
8.666862487792969,50.06108474731445
8.666865348815918,50.06108474731445
8.666868209838867,50.06108474731445
8.666871070861816,50.06108474731445
8.666873931884766,50.06108474731445
8.666876792907715,50.06108474731445
8.666879653930664,50.06108474731445
8.666882514953613,50.06108474731445
8.666885375976562,50.06108474731445
8.666889190673828,50.06108474731445
8.666892051696777,50.06108474731445
8.666894912719727,50.06108474731445
8.666897773742676,50.06108474731445
8.666900634765625,50.06108474731445
8.66690444946289,50.06108474731445
8.66690731048584,50.06108474731445
8.666911125183105,50.06108474731445
8.666913986206055,50.06108474731445
8.666916847229004,50.06108474731445
8.66692066192627,50.06108474731445
8.666924476623535,50.06108474731445
8.666927337646484,50.06108474731445
8.66693115234375,50.06108474731445
8.6669340133667,50.06108474731445
8.666937828063965,50.06108474731445
8.66694164276123,50.06108474731445
8.666945457458496,50.06108474731445
8.666949272155762,50.06108474731445
8.666953086853027,50.06108474731445
8.666956901550293,50.06108474731445
8.666960716247559,50.06108474731445
8.666964530944824,50.06108474731445
8.66696834564209,50.06108474731445
8.666972160339355,50.06108856201172
8.666975975036621,50.06108856201172
8.666980743408203,50.06108856201172
8.666984558105469,50.06108856201172
8.666988372802734,50.06108856201172
8.6669921875,50.06108856201172
8.666996002197266,50.06108856201172
8.667000770568848,50.06108856201172
8.667004585266113,50.06108856201172
8.667008399963379,50.06108856201172
8.667012214660645,50.06108856201172
8.66701602935791,50.06108856201172
8.667020797729492,50.06108856201172
8.667024612426758,50.06108856201172
8.667028427124023,50.06108856201172
8.667032241821289,50.06108856201172
8.667036056518555,50.06108856201172
8.66703987121582,50.06108856201172
8.667043685913086,50.06108856201172
8.667047500610352,50.06108856201172
8.667051315307617,50.06108856201172
8.667055130004883,50.06108856201172
8.667059898376465,50.06108856201172
8.66706371307373,50.06108856201172
8.667067527770996,50.06108856201172
8.667071342468262,50.06108856201172
8.667075157165527,50.06108856201172
8.667078971862793,50.06108856201172
8.667082786560059,50.06108856201172
8.667085647583008,50.06108856201172
8.667089462280273,50.06108856201172
8.667093276977539,50.06108856201172
8.667097091674805,50.06108856201172
8.66710090637207,50.06108856201172
8.667104721069336,50.06108856201172
8.667108535766602,50.06108856201172
8.667112350463867,50.06108856201172
8.667116165161133,50.06108856201172
8.667119979858398,50.06108856201172
8.667122840881348,50.06108856201172
8.667126655578613,50.06108856201172
8.667130470275879,50.06108856201172
8.667134284973145,50.06108856201172
8.66713809967041,50.06108856201172
8.66714096069336,50.06108856201172
8.667144775390625,50.06108856201172
8.66714859008789,50.061092376708984
8.667152404785156,50.061092376708984
8.667155265808105,50.061092376708984
8.667159080505371,50.061092376708984
8.667162895202637,50.061092376708984
8.667165756225586,50.061092376708984
8.667169570922852,50.061092376708984
8.667173385620117,50.061092376708984
8.667176246643066,50.061092376708984
8.667180061340332,50.061092376708984
8.667183876037598,50.061092376708984
8.667186737060547,50.061092376708984
8.667190551757812,50.061092376708984
8.667193412780762,50.061092376708984
8.667197227478027,50.061092376708984
8.667201042175293,50.061092376708984
8.667203903198242,50.061092376708984
8.667207717895508,50.061092376708984
8.667210578918457,50.061092376708984
8.667214393615723,50.061092376708984
8.667217254638672,50.061092376708984
8.667221069335938,50.061092376708984
8.667223930358887,50.061092376708984
8.667227745056152,50.061092376708984
8.667230606079102,50.061092376708984
8.667234420776367,50.061092376708984
8.667237281799316,50.061092376708984
8.667241096496582,50.061092376708984
8.667244911193848,50.061092376708984
8.667247772216797,50.061092376708984
8.667251586914062,50.061092376708984
8.667254447937012,50.061092376708984
8.667258262634277,50.061092376708984
8.667262077331543,50.061092376708984
8.667264938354492,50.061092376708984
8.667268753051758,50.061092376708984
8.667272567749023,50.061092376708984
8.667276382446289,50.061092376708984
8.667280197143555,50.061092376708984
8.667283058166504,50.061092376708984
8.66728687286377,50.061092376708984
8.667290687561035,50.061092376708984
8.6672945022583,50.061092376708984
8.667298316955566,50.061092376708984
8.667302131652832,50.061092376708984
8.667305946350098,50.061092376708984
8.667309761047363,50.061092376708984
8.667313575744629,50.061092376708984
8.667317390441895,50.061092376708984
8.66732120513916,50.061092376708984
8.667325019836426,50.061092376708984
