8.660475730895996,50.060951232910156
8.660482406616211,50.060951232910156
8.660489082336426,50.060951232910156
8.660494804382324,50.06095504760742
8.660501480102539,50.06095504760742
8.660508155822754,50.06095504760742
8.660513877868652,50.06095504760742
8.66051959991455,50.06095504760742
8.660526275634766,50.06095504760742
8.660531997680664,50.06095504760742
8.660537719726562,50.06095504760742
8.660543441772461,50.06095504760742
8.660548210144043,50.06095504760742
8.660553932189941,50.06095504760742
8.66055965423584,50.06095504760742
8.660564422607422,50.06095504760742
8.66057014465332,50.06095504760742
8.660574913024902,50.06095504760742
8.660579681396484,50.06095504760742
8.660585403442383,50.06095504760742
8.660590171813965,50.06095504760742
8.660594940185547,50.06095886230469
8.660599708557129,50.06095886230469
8.660604476928711,50.06095886230469
8.660609245300293,50.06095886230469
8.660614013671875,50.06095886230469
8.660618782043457,50.06095886230469
8.660623550415039,50.06095886230469
8.660628318786621,50.06095886230469
8.660633087158203,50.06095886230469
8.660637855529785,50.06095886230469
8.66064167022705,50.06095886230469
8.660646438598633,50.06095886230469
8.660651206970215,50.06095886230469
8.660655975341797,50.06095886230469
8.660660743713379,50.06095886230469
8.660665512084961,50.06095886230469
8.660669326782227,50.06095886230469
8.660674095153809,50.06095886230469
8.66067886352539,50.06095886230469
8.660682678222656,50.06095886230469
8.660687446594238,50.06095886230469
8.660691261291504,50.06095886230469
8.660696029663086,50.06095886230469
8.660699844360352,50.06095886230469
8.660704612731934,50.06095886230469
8.6607084274292,50.06095886230469
8.660712242126465,50.06095886230469
8.66071605682373,50.06095886230469
8.660720825195312,50.06095886230469
8.660724639892578,50.06095886230469
8.660728454589844,50.06095886230469
8.660733222961426,50.06095886230469
8.660737037658691,50.06095886230469
8.660740852355957,50.06095886230469
8.660745620727539,50.06095886230469
8.660749435424805,50.06095886230469
8.66075325012207,50.06095886230469
8.660757064819336,50.06095886230469
8.660761833190918,50.06095886230469
8.660765647888184,50.06095886230469
8.660770416259766,50.06095886230469
8.660774230957031,50.06095886230469
8.660778045654297,50.06095886230469
8.660782814025879,50.06095886230469
8.660786628723145,50.06095886230469
8.660791397094727,50.06095886230469
8.660795211791992,50.06096267700195
8.660799980163574,50.06096267700195
8.66080379486084,50.06096267700195
8.660808563232422,50.06096267700195
8.660813331604004,50.06096267700195
8.66081714630127,50.06096267700195
8.660821914672852,50.06096267700195
8.660826683044434,50.06096267700195
8.6608304977417,50.06096267700195
8.660835266113281,50.06096267700195
8.660840034484863,50.06096267700195
8.660843849182129,50.06096267700195
8.660848617553711,50.06096267700195
8.660853385925293,50.06096267700195
8.660858154296875,50.06096267700195
8.660862922668457,50.06096267700195
8.660867691040039,50.06096267700195
8.660871505737305,50.06096267700195
8.660876274108887,50.06096267700195
8.660881042480469,50.06096267700195
8.66088581085205,50.06096267700195
8.660890579223633,50.06096267700195
8.660895347595215,50.06096267700195
8.660900115966797,50.06096267700195
8.660904884338379,50.06096267700195
8.660909652709961,50.06096267700195
8.660914421081543,50.06096267700195
8.660919189453125,50.06096267700195
8.660923957824707,50.06096267700195
8.660928726196289,50.06096267700195
8.660934448242188,50.06096267700195
8.66093921661377,50.06096267700195
8.660943984985352,50.06096267700195
8.660948753356934,50.06096267700195
8.660953521728516,50.06096267700195
8.660958290100098,50.06096267700195
8.660964012145996,50.06096267700195
8.660968780517578,50.06096267700195
8.66097354888916,50.06096267700195
8.660978317260742,50.06096267700195
8.660983085632324,50.06096267700195
8.660988807678223,50.06096267700195
8.660993576049805,50.06096267700195
8.660998344421387,50.06096267700195
8.661003112792969,50.06096267700195
8.661008834838867,50.06096267700195
8.66101360321045,50.06096267700195
8.661018371582031,50.06096267700195
8.661023139953613,50.06096267700195
8.661027908325195,50.06096267700195
8.661033630371094,50.06096267700195
8.661038398742676,50.06096267700195
8.661043167114258,50.06096267700195
8.66104793548584,50.06096267700195
8.661052703857422,50.06096267700195
8.661057472229004,50.06096267700195
8.661062240600586,50.06096267700195
8.661067962646484,50.06096267700195
8.661072731018066,50.06096267700195
8.661077499389648,50.06096267700195
8.66108226776123,50.06096267700195
8.661087036132812,50.06096267700195
8.661091804504395,50.06096267700195
8.661096572875977,50.06096267700195
8.661101341247559,50.06096267700195
8.66110610961914,50.06096267700195
8.661110877990723,50.06096267700195
8.661115646362305,50.06096267700195
8.661120414733887,50.06096267700195
8.661125183105469,50.06096267700195
8.66112995147705,50.06096267700195
8.661134719848633,50.06096267700195
8.661139488220215,50.06096267700195
8.661144256591797,50.06096267700195
8.661149024963379,50.06096267700195
8.661153793334961,50.06096267700195
8.661158561706543,50.06096267700195
8.661163330078125,50.06096267700195
8.661168098449707,50.06096267700195
8.661172866821289,50.06096267700195
8.661176681518555,50.06096267700195
8.661181449890137,50.06096267700195
8.661186218261719,50.06096267700195
8.6611909866333,50.06096267700195
8.661195755004883,50.06096267700195
8.661200523376465,50.06096267700195
8.66120433807373,50.06096267700195
8.661209106445312,50.06096267700195
8.661213874816895,50.06096267700195
8.661218643188477,50.06096267700195
8.661223411560059,50.06096267700195
8.661227226257324,50.06096267700195
8.661231994628906,50.06096267700195
8.661236763000488,50.06096267700195
8.66124153137207,50.06096267700195
8.661245346069336,50.06096267700195
8.661250114440918,50.06096267700195
8.6612548828125,50.06096267700195
8.661259651184082,50.06096267700195
8.661263465881348,50.06096267700195
8.66126823425293,50.06096267700195
8.661273002624512,50.06096267700195
8.661276817321777,50.06096267700195
8.66128158569336,50.06096267700195
8.661286354064941,50.06096267700195
8.661290168762207,50.06096267700195
8.661294937133789,50.06096267700195
8.661299705505371,50.06096267700195
8.661304473876953,50.06096267700195
8.661308288574219,50.06096267700195
8.6613130569458,50.06096267700195
8.661317825317383,50.06096267700195
8.661322593688965,50.06096267700195
8.66132640838623,50.06096649169922
8.661331176757812,50.06096649169922
8.661335945129395,50.06096649169922
8.661340713500977,50.06096649169922
8.661345481872559,50.06096649169922
8.661349296569824,50.06096649169922
8.661354064941406,50.06096649169922
8.661358833312988,50.06096649169922
8.66136360168457,50.06096649169922
8.661368370056152,50.06096649169922
8.661373138427734,50.06096649169922
8.661377906799316,50.06096649169922
8.661382675170898,50.06096649169922
8.66138744354248,50.06096649169922
8.661392211914062,50.06096649169922
8.661396980285645,50.06096649169922
8.661401748657227,50.06096649169922
8.661406517028809,50.06096649169922
8.66141128540039,50.06096649169922
8.661416053771973,50.06096649169922
8.661420822143555,50.06096649169922
8.661425590515137,50.06096649169922
8.661430358886719,50.06096649169922
8.6614351272583,50.06096649169922
8.661439895629883,50.06096649169922
8.661444664001465,50.06096649169922
8.661449432373047,50.06096649169922
8.661454200744629,50.06096649169922
8.661458969116211,50.06096649169922
8.661463737487793,50.06096649169922
8.661469459533691,50.06096649169922
8.661474227905273,50.06096649169922
8.661478996276855,50.06096649169922
8.661483764648438,50.06096649169922
8.66148853302002,50.06096649169922
8.661493301391602,50.06096649169922
8.6614990234375,50.06096649169922
8.661503791809082,50.06096649169922
8.661508560180664,50.06096649169922
8.661513328552246,50.06096649169922
8.661519050598145,50.06096649169922
8.661523818969727,50.06096649169922
8.661528587341309,50.06096649169922
8.66153335571289,50.06096649169922
8.661539077758789,50.06096649169922
8.661543846130371,50.060970306396484
8.661548614501953,50.060970306396484
8.661554336547852,50.060970306396484
8.661559104919434,50.060970306396484
8.661563873291016,50.060970306396484
8.661569595336914,50.060970306396484
8.661574363708496,50.060970306396484
8.661580085754395,50.060970306396484
8.661584854125977,50.060970306396484
8.661589622497559,50.060970306396484
8.661595344543457,50.060970306396484
8.661600112915039,50.060970306396484
8.661605834960938,50.060970306396484
8.66161060333252,50.060970306396484
8.661616325378418,50.060970306396484
8.66162109375,50.060970306396484
8.661626815795898,50.060970306396484
8.66163158416748,50.060970306396484
8.661637306213379,50.060970306396484
8.661642074584961,50.060970306396484
8.66164779663086,50.060970306396484
8.661653518676758,50.060970306396484
8.66165828704834,50.060970306396484
8.661664009094238,50.060970306396484
8.661669731140137,50.060970306396484
8.661674499511719,50.060970306396484
8.661680221557617,50.060970306396484
8.661685943603516,50.060970306396484
8.661691665649414,50.060970306396484
8.661697387695312,50.060970306396484
8.661702156066895,50.060970306396484
8.661707878112793,50.060970306396484
8.661713600158691,50.060970306396484
8.66171932220459,50.060970306396484
8.661725044250488,50.060970306396484
8.661730766296387,50.06097412109375
8.661736488342285,50.06097412109375
8.661742210388184,50.06097412109375
8.661747932434082,50.06097412109375
8.66175365447998,50.06097412109375
8.661759376525879,50.06097412109375
8.661765098571777,50.06097412109375
8.661771774291992,50.06097412109375
8.66177749633789,50.06097412109375
8.661783218383789,50.06097412109375
8.661788940429688,50.06097412109375
8.661794662475586,50.06097412109375
8.661800384521484,50.06097412109375
8.6618070602417,50.06097412109375
8.661812782287598,50.06097412109375
8.661818504333496,50.06097412109375
8.661824226379395,50.06097412109375
8.66183090209961,50.06097412109375
8.661836624145508,50.06097412109375
8.661842346191406,50.06097412109375
8.661848068237305,50.06097412109375
8.66185474395752,50.06097412109375
8.661860466003418,50.06097412109375
8.661867141723633,50.06097412109375
8.661872863769531,50.06097412109375
8.66187858581543,50.06097412109375
8.661885261535645,50.06097412109375
8.661890983581543,50.06097412109375
8.661897659301758,50.06097412109375
8.661903381347656,50.06097412109375
8.661910057067871,50.06097412109375
8.66191577911377,50.06097412109375
8.661922454833984,50.06097412109375
8.6619291305542,50.06097412109375
8.661934852600098,50.06097412109375
8.661941528320312,50.060977935791016
8.661948204040527,50.060977935791016
8.661953926086426,50.060977935791016
8.66196060180664,50.060977935791016
8.661967277526855,50.060977935791016
8.661972999572754,50.060977935791016
8.661979675292969,50.060977935791016
8.661986351013184,50.060977935791016
8.661993026733398,50.060977935791016
8.661999702453613,50.060977935791016
8.662005424499512,50.060977935791016
8.662012100219727,50.060977935791016
8.662018775939941,50.060977935791016
8.662025451660156,50.060977935791016
8.662032127380371,50.060977935791016
8.662038803100586,50.060977935791016
8.6620454788208,50.060977935791016
8.662052154541016,50.060977935791016
8.66205883026123,50.060977935791016
8.662065505981445,50.060977935791016
8.66207218170166,50.060977935791016
8.662078857421875,50.060977935791016
8.66208553314209,50.060977935791016
8.662092208862305,50.060977935791016
8.66209888458252,50.060977935791016
8.662105560302734,50.060977935791016
8.662113189697266,50.060977935791016
8.66211986541748,50.060977935791016
8.662126541137695,50.060977935791016
8.66213321685791,50.060977935791016
8.662139892578125,50.060977935791016
8.662147521972656,50.060977935791016
8.662154197692871,50.060977935791016
8.662160873413086,50.060977935791016
8.662168502807617,50.06098175048828
8.662175178527832,50.06098175048828
8.662181854248047,50.06098175048828
8.662189483642578,50.06098175048828
8.662196159362793,50.06098175048828
8.662202835083008,50.06098175048828
8.662210464477539,50.06098175048828
8.662217140197754,50.06098175048828
8.662223815917969,50.06098175048828
8.6622314453125,50.06098175048828
8.662238121032715,50.06098175048828
8.662245750427246,50.06098175048828
8.662252426147461,50.06098175048828
8.662260055541992,50.06098175048828
8.662267684936523,50.06098175048828
8.662274360656738,50.06098175048828
8.66228199005127,50.06098175048828
8.6622896194458,50.06098175048828
8.662296295166016,50.06098175048828
8.662303924560547,50.06098175048828
8.662311553955078,50.06098175048828
8.66231918334961,50.06098175048828
8.662325859069824,50.06098175048828
8.662333488464355,50.06098175048828
8.662341117858887,50.06098175048828
8.662348747253418,50.06098175048828
8.662355422973633,50.06098175048828
8.662363052368164,50.06098175048828
8.662370681762695,50.06098175048828
8.662378311157227,50.06098175048828
8.662384986877441,50.06098175048828
8.662392616271973,50.06098175048828
8.662400245666504,50.06098175048828
8.662406921386719,50.06098175048828
8.66241455078125,50.06098175048828
8.662422180175781,50.06098175048828
8.662429809570312,50.06098556518555
8.662436485290527,50.06098556518555
8.662444114685059,50.06098556518555
8.66245174407959,50.06098556518555
8.662458419799805,50.06098556518555
8.662466049194336,50.06098556518555
8.662473678588867,50.06098556518555
8.662481307983398,50.06098556518555
8.66248893737793,50.06098556518555
8.662495613098145,50.06098556518555
8.662503242492676,50.06098556518555
8.662510871887207,50.06098556518555
8.662518501281738,50.06098556518555
8.66252613067627,50.06098556518555
8.6625337600708,50.06098556518555
8.662541389465332,50.06098556518555
8.662549018859863,50.06098556518555
8.662556648254395,50.06098556518555
8.662564277648926,50.06098556518555
8.662571907043457,50.06098556518555
8.662579536437988,50.06098556518555
8.66258716583252,50.06098556518555
8.66259479522705,50.06098556518555
8.662603378295898,50.06098556518555
8.66261100769043,50.06098556518555
8.662618637084961,50.06098556518555
8.662626266479492,50.06098556518555
8.662633895874023,50.06098556518555
8.662642478942871,50.06098556518555
8.662650108337402,50.06098556518555
8.662657737731934,50.06098556518555
8.662665367126465,50.06098556518555
8.662673950195312,50.06098556518555
8.662681579589844,50.06098556518555
8.662689208984375,50.06098556518555
8.662697792053223,50.06098556518555
8.662705421447754,50.06098556518555
8.662713050842285,50.06098937988281
8.662720680236816,50.06098937988281
8.662729263305664,50.06098937988281
8.662736892700195,50.06098937988281
8.662744522094727,50.06098937988281
8.662753105163574,50.06098937988281
8.662760734558105,50.06098937988281
8.662768363952637,50.06098937988281
8.662775993347168,50.06098937988281
8.662784576416016,50.06098937988281
8.662792205810547,50.06098937988281
8.662799835205078,50.06098937988281
8.662808418273926,50.06098937988281
8.662816047668457,50.06098937988281
8.662823677062988,50.06098937988281
8.66283130645752,50.06098937988281
8.662839889526367,50.06098937988281
8.662847518920898,50.06098937988281
8.66285514831543,50.06098937988281
8.662862777709961,50.06098937988281
8.662871360778809,50.06098937988281
8.66287899017334,50.06098937988281
8.662886619567871,50.06098937988281
8.662894248962402,50.06098937988281
8.66290283203125,50.06099319458008
8.662910461425781,50.06099319458008
8.662918090820312,50.06099319458008
8.66292667388916,50.06099319458008
8.662934303283691,50.06099319458008
8.662941932678223,50.06099319458008
8.66295051574707,50.06099319458008
8.662958145141602,50.06099319458008
8.662965774536133,50.06099319458008
8.66297435760498,50.06099319458008
8.662981986999512,50.06099319458008
8.66299057006836,50.06099319458008
8.66299819946289,50.06099319458008
8.663006782531738,50.06099319458008
8.66301441192627,50.06099319458008
8.663022994995117,50.06099319458008
8.663030624389648,50.06099319458008
8.663039207458496,50.06099319458008
8.663046836853027,50.06099319458008
8.663055419921875,50.06099319458008
8.663063049316406,50.06099319458008
8.663071632385254,50.06099319458008
8.663079261779785,50.06099319458008
8.663087844848633,50.06099319458008
8.66309642791748,50.06099319458008
8.663104057312012,50.060997009277344
8.66311264038086,50.060997009277344
8.66312026977539,50.060997009277344
8.663128852844238,50.060997009277344
8.663137435913086,50.060997009277344
8.663145065307617,50.060997009277344
8.663153648376465,50.060997009277344
8.663162231445312,50.060997009277344
8.66317081451416,50.060997009277344
8.663178443908691,50.060997009277344
8.663187026977539,50.060997009277344
8.663195610046387,50.060997009277344
8.663204193115234,50.060997009277344
8.663212776184082,50.060997009277344
8.663220405578613,50.060997009277344
8.663228988647461,50.060997009277344
8.663237571716309,50.060997009277344
8.663246154785156,50.060997009277344
8.663254737854004,50.060997009277344
8.663262367248535,50.060997009277344
8.663270950317383,50.060997009277344
8.66327953338623,50.060997009277344
8.663288116455078,50.060997009277344
8.663296699523926,50.060997009277344
8.663304328918457,50.060997009277344
8.663312911987305,50.060997009277344
8.663321495056152,50.060997009277344
8.663330078125,50.060997009277344
8.663337707519531,50.060997009277344
8.663346290588379,50.06100082397461
8.663354873657227,50.06100082397461
8.663363456726074,50.06100082397461
8.663371086120605,50.06100082397461
8.663379669189453,50.06100082397461
8.6633882522583,50.06100082397461
8.663396835327148,50.06100082397461
8.66340446472168,50.06100082397461
8.663413047790527,50.06100082397461
8.663421630859375,50.06100082397461
8.663430213928223,50.06100082397461
8.663437843322754,50.06100082397461
8.663446426391602,50.06100082397461
8.66345500946045,50.06100082397461
8.66346263885498,50.06100082397461
8.663471221923828,50.06100082397461
8.663479804992676,50.06100082397461
8.663487434387207,50.06100082397461
8.663496017456055,50.06100082397461
8.663504600524902,50.06100082397461
8.66351318359375,50.06100082397461
8.663520812988281,50.06100082397461
8.663529396057129,50.06100082397461
8.66353702545166,50.061004638671875
8.663545608520508,50.061004638671875
8.663554191589355,50.061004638671875
8.663561820983887,50.061004638671875
8.663570404052734,50.061004638671875
8.663578987121582,50.061004638671875
8.66358757019043,50.061004638671875
8.663595199584961,50.061004638671875
8.663603782653809,50.061004638671875
8.663612365722656,50.061004638671875
8.663619995117188,50.061004638671875
8.663628578186035,50.061004638671875
8.663637161254883,50.061004638671875
8.663644790649414,50.061004638671875
8.663653373718262,50.061004638671875
8.66366195678711,50.061004638671875
8.663670539855957,50.061004638671875
8.663678169250488,50.061004638671875
8.663686752319336,50.061004638671875
8.663695335388184,50.06100845336914
8.663703918457031,50.06100845336914
8.663711547851562,50.06100845336914
8.66372013092041,50.06100845336914
8.663728713989258,50.06100845336914
8.663737297058105,50.06100845336914
8.663745880126953,50.06100845336914
8.663753509521484,50.06100845336914
8.663762092590332,50.06100845336914
8.66377067565918,50.06100845336914
8.663779258728027,50.06100845336914
8.663787841796875,50.06100845336914
8.663796424865723,50.06100845336914
8.66380500793457,50.06100845336914
8.663812637329102,50.06100845336914
8.66382122039795,50.06100845336914
8.663829803466797,50.06100845336914
8.663838386535645,50.06100845336914
8.663846969604492,50.06100845336914
8.66385555267334,50.061012268066406
8.663864135742188,50.061012268066406
8.663872718811035,50.061012268066406
8.663881301879883,50.061012268066406
8.66388988494873,50.061012268066406
8.663898468017578,50.061012268066406
8.663907051086426,50.061012268066406
8.663915634155273,50.061012268066406
8.663923263549805,50.061012268066406
8.663931846618652,50.061012268066406
8.6639404296875,50.061012268066406
8.663949012756348,50.061012268066406
8.663957595825195,50.061012268066406
8.663966178894043,50.061012268066406
8.66397476196289,50.061012268066406
8.663983345031738,50.061012268066406
8.663991928100586,50.061012268066406
8.664000511169434,50.061012268066406
8.664008140563965,50.061012268066406
8.664016723632812,50.06101608276367
8.66402530670166,50.06101608276367
8.664033889770508,50.06101608276367
8.664042472839355,50.06101608276367
8.664051055908203,50.06101608276367
8.66405963897705,50.06101608276367
8.664067268371582,50.06101608276367
8.66407585144043,50.06101608276367
8.664084434509277,50.06101608276367
8.664093017578125,50.06101608276367
8.664101600646973,50.06101608276367
8.664109230041504,50.06101608276367
8.664117813110352,50.06101608276367
8.6641263961792,50.06101608276367
8.664134979248047,50.06101608276367
8.664143562316895,50.06101608276367
8.664151191711426,50.06101608276367
8.664159774780273,50.06101608276367
8.664168357849121,50.06101608276367
8.664176940917969,50.06101608276367
8.6641845703125,50.06101608276367
8.664193153381348,50.06101989746094
8.664201736450195,50.06101989746094
8.664210319519043,50.06101989746094
8.664217948913574,50.06101989746094
8.664226531982422,50.06101989746094
8.66423511505127,50.06101989746094
8.664243698120117,50.06101989746094
8.664251327514648,50.06101989746094
8.664259910583496,50.06101989746094
8.664268493652344,50.06101989746094
8.664276123046875,50.06101989746094
8.664284706115723,50.06101989746094
8.66429328918457,50.06101989746094
8.664300918579102,50.06101989746094
8.66430950164795,50.06101989746094
8.664318084716797,50.06101989746094
8.664325714111328,50.06101989746094
8.664334297180176,50.06101989746094
8.664342880249023,50.06101989746094
8.664350509643555,50.0610237121582
8.664359092712402,50.0610237121582
8.664366722106934,50.0610237121582
8.664375305175781,50.0610237121582
8.664383888244629,50.0610237121582
8.66439151763916,50.0610237121582
8.664400100708008,50.0610237121582
8.664407730102539,50.0610237121582
8.664416313171387,50.0610237121582
8.664423942565918,50.0610237121582
8.664432525634766,50.0610237121582
8.664440155029297,50.0610237121582
8.664448738098145,50.0610237121582
8.664456367492676,50.0610237121582
8.664463996887207,50.0610237121582
8.664472579956055,50.06102752685547
8.664480209350586,50.06102752685547
8.664487838745117,50.06102752685547
8.664495468139648,50.06102752685547
8.66450309753418,50.06102752685547
8.664510726928711,50.06102752685547
8.664519309997559,50.06102752685547
8.66452693939209,50.06102752685547
8.664533615112305,50.06102752685547
8.664541244506836,50.06102752685547
8.664548873901367,50.06102752685547
8.664556503295898,50.06102752685547
8.66456413269043,50.06102752685547
8.664571762084961,50.061031341552734
8.664579391479492,50.061031341552734
8.664587020874023,50.061031341552734
8.664594650268555,50.061031341552734
8.664602279663086,50.061031341552734
8.664609909057617,50.061031341552734
8.664617538452148,50.061031341552734
8.664624214172363,50.061031341552734
8.664631843566895,50.061031341552734
8.664639472961426,50.061031341552734
8.664647102355957,50.061031341552734
8.664654731750488,50.061031341552734
8.66466236114502,50.06103515625
8.66466999053955,50.06103515625
8.664677619934082,50.06103515625
8.664685249328613,50.06103515625
8.664692878723145,50.06103515625
8.664700508117676,50.06103515625
8.664708137512207,50.06103515625
8.664715766906738,50.06103515625
8.664724349975586,50.06103515625
8.664731979370117,50.06103515625
8.664739608764648,50.06103515625
8.66474723815918,50.061038970947266
8.664754867553711,50.061038970947266
8.664762496948242,50.061038970947266
8.664770126342773,50.061038970947266
8.664777755737305,50.061038970947266
8.664786338806152,50.061038970947266
8.664793968200684,50.061038970947266
8.664801597595215,50.061038970947266
8.664809226989746,50.061038970947266
8.664816856384277,50.061038970947266
8.664825439453125,50.061038970947266
8.664833068847656,50.06104278564453
8.664840698242188,50.06104278564453
8.664848327636719,50.06104278564453
8.664856910705566,50.06104278564453
8.664864540100098,50.06104278564453
8.664872169494629,50.06104278564453
8.664880752563477,50.06104278564453
8.664888381958008,50.06104278564453
8.664896011352539,50.06104278564453
8.664904594421387,50.06104278564453
8.664912223815918,50.0610466003418
8.66491985321045,50.0610466003418
8.664928436279297,50.0610466003418
8.664936065673828,50.0610466003418
8.664944648742676,50.0610466003418
8.664952278137207,50.0610466003418
8.664959907531738,50.0610466003418
8.664968490600586,50.0610466003418
8.664976119995117,50.0610466003418
8.664984703063965,50.0610466003418
8.664992332458496,50.06105041503906
8.665000915527344,50.06105041503906
8.665008544921875,50.06105041503906
8.665017127990723,50.06105041503906
8.665024757385254,50.06105041503906
8.665033340454102,50.06105041503906
8.66504192352295,50.06105041503906
8.66504955291748,50.06105041503906
8.665058135986328,50.06105041503906
8.66506576538086,50.06105041503906
8.665074348449707,50.06105041503906
8.665081977844238,50.06105422973633
8.665090560913086,50.06105422973633
8.665098190307617,50.06105422973633
8.665106773376465,50.06105422973633
8.665114402770996,50.06105422973633
8.665122985839844,50.06105422973633
8.665130615234375,50.06105422973633
8.665139198303223,50.06105422973633
8.665146827697754,50.06105422973633
8.665155410766602,50.06105422973633
8.665163040161133,50.06105422973633
8.66517162322998,50.06105422973633
8.665179252624512,50.06105422973633
8.66518783569336,50.061058044433594
8.66519546508789,50.061058044433594
8.665203094482422,50.061058044433594
8.66521167755127,50.061058044433594
8.6652193069458,50.061058044433594
8.665227890014648,50.061058044433594
8.66523551940918,50.061058044433594
8.665244102478027,50.061058044433594
8.665251731872559,50.061058044433594
8.66525936126709,50.061058044433594
8.665267944335938,50.061058044433594
8.665275573730469,50.061058044433594
8.665284156799316,50.061058044433594
8.665291786193848,50.061058044433594
8.665299415588379,50.061058044433594
8.665307998657227,50.061058044433594
8.665315628051758,50.06106185913086
8.665324211120605,50.06106185913086
8.665331840515137,50.06106185913086
8.665339469909668,50.06106185913086
8.665348052978516,50.06106185913086
8.665355682373047,50.06106185913086
8.665363311767578,50.06106185913086
8.665371894836426,50.06106185913086
8.665379524230957,50.06106185913086
8.665387153625488,50.06106185913086
8.665395736694336,50.06106185913086
8.665403366088867,50.06106185913086
8.665411949157715,50.06106185913086
8.665419578552246,50.06106185913086
8.665427207946777,50.06106185913086
8.665435791015625,50.061065673828125
8.665443420410156,50.061065673828125
8.665452003479004,50.061065673828125
8.665459632873535,50.061065673828125
8.665467262268066,50.061065673828125
8.665475845336914,50.061065673828125
8.665483474731445,50.061065673828125
8.665491104125977,50.061065673828125
8.665499687194824,50.061065673828125
8.665507316589355,50.061065673828125
8.665515899658203,50.061065673828125
8.665523529052734,50.061065673828125
8.665531158447266,50.061065673828125
8.665539741516113,50.061065673828125
8.665547370910645,50.061065673828125
8.665555953979492,50.061065673828125
8.665563583374023,50.06106948852539
8.665571212768555,50.06106948852539
8.665579795837402,50.06106948852539
8.665587425231934,50.06106948852539
8.665596008300781,50.06106948852539
8.665603637695312,50.06106948852539
8.665611267089844,50.06106948852539
8.665619850158691,50.06106948852539
8.665627479553223,50.06106948852539
8.66563606262207,50.06106948852539
8.665643692016602,50.06106948852539
8.66565227508545,50.06106948852539
8.66565990447998,50.06106948852539
8.665667533874512,50.06106948852539
8.66567611694336,50.06106948852539
8.66568374633789,50.06106948852539
8.665692329406738,50.06106948852539
8.66569995880127,50.061073303222656
8.6657075881958,50.061073303222656
8.665716171264648,50.061073303222656
8.66572380065918,50.061073303222656
8.665732383728027,50.061073303222656
8.665740013122559,50.061073303222656
8.665748596191406,50.061073303222656
8.665756225585938,50.061073303222656
8.665764808654785,50.061073303222656
8.665772438049316,50.061073303222656
8.665780067443848,50.061073303222656
8.665788650512695,50.061073303222656
8.665796279907227,50.061073303222656
8.665804862976074,50.061073303222656
8.665812492370605,50.061073303222656
8.665821075439453,50.061073303222656
8.665828704833984,50.061073303222656
8.665836334228516,50.061073303222656
8.665844917297363,50.061073303222656
8.665852546691895,50.061073303222656
8.665861129760742,50.061073303222656
8.665868759155273,50.061073303222656
8.665877342224121,50.061073303222656
8.665884971618652,50.061073303222656
8.665892601013184,50.061073303222656
8.665901184082031,50.061073303222656
8.665908813476562,50.061073303222656
8.66591739654541,50.061073303222656
8.665925025939941,50.061073303222656
8.665932655334473,50.061073303222656
8.66594123840332,50.061073303222656
8.665948867797852,50.061073303222656
8.6659574508667,50.061073303222656
8.66596508026123,50.061073303222656
8.665972709655762,50.061073303222656
8.66598129272461,50.061073303222656
8.66598892211914,50.061073303222656
8.665997505187988,50.061073303222656
8.66600513458252,50.061073303222656
8.66601276397705,50.061073303222656
8.666021347045898,50.061073303222656
8.66602897644043,50.061073303222656
8.666037559509277,50.061073303222656
8.666045188903809,50.061073303222656
8.66605281829834,50.061073303222656
8.666061401367188,50.061073303222656
8.666069030761719,50.061073303222656
8.66607666015625,50.061073303222656
8.666085243225098,50.061073303222656
8.666092872619629,50.061073303222656
8.66610050201416,50.061073303222656
8.666109085083008,50.061073303222656
8.666116714477539,50.061073303222656
8.66612434387207,50.06107711791992
8.666131973266602,50.06107711791992
8.66614055633545,50.06107711791992
8.66614818572998,50.06107711791992
8.666155815124512,50.06107711791992
8.666163444519043,50.06107711791992
8.66617202758789,50.06107711791992
8.666179656982422,50.06107711791992
8.666187286376953,50.06107711791992
8.6661958694458,50.06107711791992
8.666203498840332,50.06107711791992
8.666211128234863,50.06107711791992
8.666218757629395,50.06107711791992
8.666227340698242,50.06107711791992
8.666234970092773,50.06107711791992
8.666242599487305,50.06107711791992
8.666250228881836,50.06107711791992
8.666257858276367,50.06107711791992
8.666266441345215,50.06107711791992
8.666274070739746,50.06107711791992
8.666281700134277,50.06107711791992
8.666289329528809,50.06107711791992
8.66629695892334,50.06107711791992
8.666305541992188,50.06107711791992
8.666313171386719,50.06107711791992
8.66632080078125,50.06107711791992
8.666328430175781,50.06107711791992
8.666336059570312,50.06107711791992
8.666343688964844,50.06107711791992
8.666352272033691,50.06107711791992
8.666359901428223,50.06108093261719
8.666367530822754,50.06108093261719
8.666375160217285,50.06108093261719
8.666382789611816,50.06108093261719
8.666390419006348,50.06108093261719
8.666398048400879,50.06108093261719
8.66640567779541,50.06108093261719
8.666413307189941,50.06108093261719
8.666421890258789,50.06108093261719
8.66642951965332,50.06108093261719
8.666437149047852,50.06108093261719
8.666444778442383,50.06108093261719
8.666452407836914,50.06108093261719
8.666460037231445,50.06108093261719
8.666467666625977,50.06108093261719
8.666475296020508,50.06108093261719
8.666482925415039,50.06108093261719
8.666491508483887,50.06108093261719
8.666499137878418,50.06108093261719
8.66650676727295,50.06108093261719
8.66651439666748,50.06108093261719
8.666522026062012,50.06108093261719
8.666529655456543,50.06108093261719
8.666537284851074,50.06108093261719
8.666544914245605,50.06108093261719
8.666552543640137,50.06108093261719
8.666561126708984,50.06108093261719
8.666568756103516,50.06108093261719
8.666576385498047,50.06108093261719
8.666584014892578,50.06108093261719
8.66659164428711,50.06108093261719
8.66659927368164,50.06108093261719
8.666606903076172,50.06108093261719
8.666614532470703,50.06108474731445
8.666622161865234,50.06108474731445
8.666629791259766,50.06108474731445
8.666637420654297,50.06108474731445
8.666645050048828,50.06108474731445
8.66665267944336,50.06108474731445
8.66666030883789,50.06108474731445
8.666667938232422,50.06108474731445
8.666675567626953,50.06108474731445
8.6666841506958,50.06108474731445
8.666691780090332,50.06108474731445
8.666699409484863,50.06108474731445
8.666707038879395,50.06108474731445
8.666714668273926,50.06108474731445
8.666722297668457,50.06108474731445
8.666729927062988,50.06108474731445
8.66673755645752,50.06108474731445
8.66674518585205,50.06108474731445
8.666752815246582,50.06108474731445
8.66676139831543,50.06108474731445
8.666769027709961,50.06108474731445
8.666776657104492,50.06108474731445
8.666784286499023,50.06108474731445
8.666791915893555,50.06108474731445
8.666799545288086,50.06108474731445
8.666807174682617,50.06108474731445
8.666814804077148,50.06108474731445
8.66682243347168,50.06108474731445
8.666831016540527,50.06108474731445
8.666838645935059,50.06108474731445
8.66684627532959,50.06108474731445
8.666853904724121,50.06108474731445
8.666861534118652,50.06108474731445
8.6668701171875,50.06108474731445
8.666877746582031,50.06108474731445
8.666885375976562,50.06108474731445
8.666893005371094,50.06108474731445
8.666901588439941,50.06108474731445
8.666909217834473,50.06108474731445
8.666916847229004,50.06108474731445
8.666925430297852,50.06108474731445
8.666933059692383,50.06108474731445
8.666940689086914,50.06108474731445
8.666949272155762,50.06108474731445
8.666956901550293,50.06108474731445
8.666964530944824,50.06108474731445
8.666973114013672,50.06108474731445
8.666980743408203,50.06108474731445
8.66698932647705,50.06108474731445
8.666996955871582,50.06108474731445
8.667004585266113,50.06108474731445
8.667013168334961,50.06108474731445
8.667020797729492,50.06108474731445
8.66702938079834,50.06108474731445
8.667037010192871,50.06108474731445
8.667045593261719,50.06108474731445
8.66705322265625,50.06108474731445
8.667060852050781,50.06108474731445
8.667069435119629,50.06108474731445
8.66707706451416,50.06108474731445
8.667085647583008,50.06108474731445
8.667093276977539,50.06108474731445
8.66710090637207,50.06108474731445
8.667109489440918,50.06108474731445
8.66711711883545,50.06108474731445
8.667125701904297,50.06108474731445
8.667133331298828,50.06108474731445
8.66714096069336,50.06108474731445
8.667149543762207,50.06108474731445
8.667157173156738,50.06108474731445
8.667165756225586,50.06108474731445
8.667173385620117,50.06108474731445
8.667181015014648,50.06108474731445
8.667189598083496,50.06108474731445
8.667197227478027,50.06108474731445
8.667205810546875,50.06108474731445
8.667213439941406,50.06108474731445
8.667222023010254,50.06108474731445
8.667229652404785,50.06108474731445
8.667237281799316,50.06108474731445
8.667245864868164,50.06108474731445
8.667253494262695,50.06108474731445
8.667262077331543,50.06108474731445
8.667269706726074,50.06108474731445
8.667278289794922,50.06108474731445
8.667285919189453,50.06108474731445
8.6672945022583,50.06108474731445
8.667302131652832,50.06108474731445
8.66731071472168,50.06108474731445
8.667318344116211,50.06108474731445
8.667326927185059,50.06108474731445
8.66733455657959,50.06108474731445
8.667343139648438,50.06108474731445
8.667350769042969,50.06108474731445
8.667359352111816,50.06108474731445
8.667366981506348,50.06108474731445
8.667374610900879,50.06108474731445
8.667383193969727,50.06108474731445
8.667390823364258,50.06108474731445
8.667399406433105,50.06108474731445
8.667407035827637,50.06108474731445
8.667415618896484,50.06108474731445
8.667423248291016,50.06108474731445
8.667431831359863,50.06108474731445
8.667439460754395,50.06108474731445
8.667447090148926,50.06108474731445
8.667455673217773,50.06108474731445
8.667463302612305,50.06108474731445
8.667471885681152,50.06108474731445
8.667479515075684,50.06108474731445
8.667488098144531,50.06108856201172
8.667495727539062,50.06108856201172
8.66750431060791,50.06108856201172
8.667511940002441,50.06108856201172
8.667520523071289,50.06108856201172
8.66752815246582,50.06108856201172
8.667535781860352,50.06108856201172
8.6675443649292,50.06108856201172
8.66755199432373,50.06108856201172
8.667560577392578,50.06108856201172
8.66756820678711,50.06108856201172
8.667576789855957,50.06108856201172
8.667584419250488,50.06108856201172
8.667593002319336,50.06108856201172
8.667601585388184,50.06108856201172
8.667609214782715,50.06108856201172
8.667617797851562,50.061092376708984
8.667625427246094,50.061092376708984
8.667634010314941,50.061092376708984
8.667641639709473,50.061092376708984
8.66765022277832,50.061092376708984
8.667658805847168,50.061092376708984
8.6676664352417,50.061092376708984
8.667675018310547,50.061092376708984
8.667683601379395,50.061092376708984
8.667691230773926,50.061092376708984
8.667699813842773,50.061092376708984
8.667708396911621,50.061092376708984
8.667716026306152,50.061092376708984
8.667724609375,50.061092376708984
8.667733192443848,50.061092376708984
8.667740821838379,50.061092376708984
8.667749404907227,50.06109619140625
8.667757987976074,50.06109619140625
8.667765617370605,50.06109619140625
8.667774200439453,50.06109619140625
8.6677827835083,50.06109619140625
8.667790412902832,50.06109619140625
8.66779899597168,50.06109619140625
8.667807579040527,50.06109619140625
8.667816162109375,50.06109619140625
8.667823791503906,50.06109619140625
8.667832374572754,50.06109619140625
8.667840957641602,50.06109619140625
8.66784954071045,50.06109619140625
8.66785717010498,50.06109619140625
8.667865753173828,50.06109619140625
8.667874336242676,50.06109619140625
8.667881965637207,50.061100006103516
8.667890548706055,50.061100006103516
8.667899131774902,50.061100006103516
8.667906761169434,50.061100006103516
8.667915344238281,50.061100006103516
8.667923927307129,50.061100006103516
8.66793155670166,50.061100006103516
8.667940139770508,50.061100006103516
8.667948722839355,50.061100006103516
8.667956352233887,50.061100006103516
8.667964935302734,50.061100006103516
8.667973518371582,50.061100006103516
8.667981147766113,50.061100006103516
8.667989730834961,50.061100006103516
8.667998313903809,50.061100006103516
8.66800594329834,50.061100006103516
8.668014526367188,50.06110382080078
8.668023109436035,50.06110382080078
8.668030738830566,50.06110382080078
8.668039321899414,50.06110382080078
8.668047904968262,50.06110382080078
8.668055534362793,50.06110382080078
8.66806411743164,50.06110382080078
8.668071746826172,50.06110382080078
8.66808032989502,50.06110382080078
8.668088912963867,50.06110382080078
8.668096542358398,50.06110382080078
8.668105125427246,50.06110382080078
8.668113708496094,50.06110382080078
8.668122291564941,50.06110382080078
8.668129920959473,50.06110382080078
8.66813850402832,50.06110763549805
8.668147087097168,50.06110763549805
8.6681547164917,50.06110763549805
8.668163299560547,50.06110763549805
8.668171882629395,50.06110763549805
8.668179512023926,50.06110763549805
8.668188095092773,50.06110763549805
8.668196678161621,50.06110763549805
8.668205261230469,50.06110763549805
8.668212890625,50.06110763549805
8.668221473693848,50.06110763549805
8.668230056762695,50.06110763549805
8.668238639831543,50.06110763549805
8.668246269226074,50.06110763549805
8.668254852294922,50.06110763549805
8.66826343536377,50.06110763549805
8.6682710647583,50.06110763549805
8.668279647827148,50.06111145019531
8.668288230895996,50.06111145019531
8.668296813964844,50.06111145019531
8.668305397033691,50.06111145019531
8.668313026428223,50.06111145019531
8.66832160949707,50.06111145019531
8.668330192565918,50.06111145019531
8.668338775634766,50.06111145019531
8.668346405029297,50.06111145019531
8.668354988098145,50.06111145019531
8.668363571166992,50.06111145019531
8.66837215423584,50.06111145019531
8.668379783630371,50.06111145019531
8.668388366699219,50.06111145019531
8.668396949768066,50.06111145019531
8.668405532836914,50.06111145019531
8.668414115905762,50.06111145019531
8.668421745300293,50.06111145019531
8.66843032836914,50.06111145019531
8.668438911437988,50.06111145019531
8.668447494506836,50.06111145019531
8.668456077575684,50.06111145019531
8.668463706970215,50.06111526489258
8.668472290039062,50.06111526489258
8.66848087310791,50.06111526489258
8.668489456176758,50.06111526489258
8.668498039245605,50.06111526489258
8.668505668640137,50.06111526489258
8.668514251708984,50.06111526489258
8.668522834777832,50.06111526489258
8.66853141784668,50.06111526489258
8.668540000915527,50.06111526489258
8.668547630310059,50.06111526489258
8.668556213378906,50.06111526489258
8.668564796447754,50.06111526489258
8.668573379516602,50.06111526489258
8.66858196258545,50.06111526489258
8.668590545654297,50.06111526489258
8.668598175048828,50.06111526489258
8.668606758117676,50.06111526489258
8.668615341186523,50.06111526489258
8.668623924255371,50.06111526489258
8.668632507324219,50.06111526489258
8.668641090393066,50.06111526489258
8.668649673461914,50.06111526489258
8.668657302856445,50.06111526489258
8.668665885925293,50.061119079589844
8.66867446899414,50.061119079589844
8.668683052062988,50.061119079589844
8.668691635131836,50.061119079589844
8.668700218200684,50.061119079589844
8.668708801269531,50.061119079589844
8.668717384338379,50.061119079589844
8.668725967407227,50.061119079589844
8.668733596801758,50.061119079589844
8.668742179870605,50.061119079589844
8.668750762939453,50.061119079589844
8.6687593460083,50.061119079589844
8.668767929077148,50.061119079589844
8.668776512145996,50.061119079589844
8.668785095214844,50.061119079589844
8.668793678283691,50.061119079589844
8.668802261352539,50.061119079589844
8.668810844421387,50.061119079589844
8.668819427490234,50.061119079589844
8.668827056884766,50.061119079589844
8.668835639953613,50.061119079589844
8.668844223022461,50.061119079589844
8.668852806091309,50.061119079589844
8.668862342834473,50.061119079589844
8.66887092590332,50.061119079589844
8.668879508972168,50.06112289428711
8.668888092041016,50.06112289428711
8.668896675109863,50.06112289428711
8.668905258178711,50.06112289428711
8.668913841247559,50.06112289428711
8.668922424316406,50.06112289428711
8.668931007385254,50.06112289428711
8.668939590454102,50.06112289428711
8.66894817352295,50.06112289428711
8.668956756591797,50.06112289428711
8.668965339660645,50.06112289428711
8.668974876403809,50.06112289428711
8.668983459472656,50.06112289428711
8.668992042541504,50.06112289428711
8.669000625610352,50.06112289428711
8.6690092086792,50.06112289428711
8.669017791748047,50.06112289428711
8.669026374816895,50.06112289428711
8.669034957885742,50.06112289428711
8.669044494628906,50.06112289428711
8.669053077697754,50.06112289428711
8.669061660766602,50.06112289428711
8.66907024383545,50.06112289428711
8.669078826904297,50.06112289428711
8.669087409973145,50.061126708984375
8.669095993041992,50.061126708984375
8.669105529785156,50.061126708984375
8.669114112854004,50.061126708984375
8.669122695922852,50.061126708984375
8.6691312789917,50.061126708984375
8.669139862060547,50.061126708984375
8.669148445129395,50.061126708984375
8.669157981872559,50.061126708984375
8.669166564941406,50.061126708984375
8.669175148010254,50.061126708984375
8.669183731079102,50.061126708984375
8.669193267822266,50.061126708984375
8.669201850891113,50.061126708984375
8.669210433959961,50.061126708984375
8.669219017028809,50.061126708984375
8.669228553771973,50.061126708984375
8.66923713684082,50.061126708984375
8.669245719909668,50.061126708984375
8.669254302978516,50.061126708984375
8.66926383972168,50.061126708984375
8.669272422790527,50.061126708984375
8.669281005859375,50.061126708984375
8.669290542602539,50.06113052368164
8.669299125671387,50.06113052368164
8.669307708740234,50.06113052368164
8.669317245483398,50.06113052368164
8.669325828552246,50.06113052368164
8.669334411621094,50.06113052368164
8.669343948364258,50.06113052368164
8.669352531433105,50.06113052368164
8.66936206817627,50.06113052368164
8.669370651245117,50.06113052368164
8.669379234313965,50.06113052368164
8.669388771057129,50.06113052368164
8.669397354125977,50.06113052368164
8.669405937194824,50.06113052368164
8.669415473937988,50.06113052368164
8.669424057006836,50.06113052368164
8.66943359375,50.06113052368164
8.669442176818848,50.06113052368164
8.669450759887695,50.06113052368164
8.66946029663086,50.06113052368164
8.669468879699707,50.06113052368164
8.669478416442871,50.06113052368164
8.669486999511719,50.061134338378906
8.669495582580566,50.061134338378906
8.66950511932373,50.061134338378906
8.669513702392578,50.061134338378906
8.669522285461426,50.061134338378906
8.66953182220459,50.061134338378906
8.669540405273438,50.061134338378906
8.669549942016602,50.061134338378906
8.66955852508545,50.061134338378906
8.669567108154297,50.061134338378906
8.669575691223145,50.061134338378906
8.669585227966309,50.061134338378906
8.669593811035156,50.061134338378906
8.669602394104004,50.061134338378906
8.669610977172852,50.061134338378906
8.6696195602417,50.061134338378906
8.669628143310547,50.061134338378906
8.669636726379395,50.061134338378906
8.669645309448242,50.061134338378906
8.66965389251709,50.061134338378906
8.669661521911621,50.061134338378906
8.669670104980469,50.061134338378906
8.669677734375,50.061134338378906
8.669686317443848,50.06113815307617
8.669693946838379,50.06113815307617
8.66970157623291,50.06113815307617
8.669710159301758,50.06113815307617
8.669717788696289,50.06113815307617
8.66972541809082,50.06113815307617
8.669732093811035,50.06113815307617
8.669739723205566,50.06113815307617
8.669747352600098,50.06113815307617
8.669754028320312,50.06113815307617
8.669761657714844,50.06113815307617
8.669768333435059,50.06113815307617
8.669775009155273,50.06113815307617
8.669781684875488,50.06113815307617
8.669788360595703,50.06113815307617
8.669795036315918,50.06113815307617
8.669801712036133,50.06113815307617
8.669807434082031,50.06113815307617
8.669814109802246,50.06113815307617
8.669819831848145,50.06113815307617
8.66982650756836,50.06113815307617
8.669832229614258,50.06113815307617
8.669837951660156,50.06113815307617
8.669843673706055,50.06113815307617
8.669849395751953,50.06113815307617
8.669855117797852,50.06113815307617
8.66986083984375,50.06113815307617
8.669866561889648,50.06113815307617
8.66987133026123,50.06113815307617
8.669877052307129,50.06113815307617
8.669881820678711,50.06113815307617
8.66988754272461,50.06113815307617
8.669892311096191,50.06113815307617
8.66989803314209,50.06113815307617
8.669902801513672,50.06113815307617
8.669907569885254,50.06113815307617
8.669912338256836,50.06114196777344
8.669917106628418,50.06114196777344
8.669921875,50.06114196777344
8.669926643371582,50.06114196777344
8.669931411743164,50.06114196777344
8.66993522644043,50.06114196777344
8.669939994812012,50.06114196777344
8.669943809509277,50.06114196777344
8.66994857788086,50.06114196777344
8.669952392578125,50.06114196777344
8.66995620727539,50.06114196777344
8.669960021972656,50.06114196777344
8.669963836669922,50.06114196777344
8.669967651367188,50.06114196777344
8.669971466064453,50.06114196777344
8.669974327087402,50.06114196777344
8.669978141784668,50.06114196777344
8.669981956481934,50.06114196777344
8.6699857711792,50.06114196777344
8.669989585876465,50.06114196777344
8.669992446899414,50.06114196777344
8.66999626159668,50.06114196777344
8.670000076293945,50.06114196777344
8.670003890991211,50.06114196777344
8.670007705688477,50.06114196777344
8.670011520385742,50.06114196777344
8.670015335083008,50.06114196777344
8.670019149780273,50.06114196777344
8.670022964477539,50.06114196777344
8.670026779174805,50.06114196777344
8.67003059387207,50.06114196777344
8.670035362243652,50.06114196777344
8.670039176940918,50.06114196777344
8.670042991638184,50.06114196777344
8.670047760009766,50.06114196777344
8.670051574707031,50.06114196777344
8.670055389404297,50.06114196777344
8.670060157775879,50.06114196777344
8.670063972473145,50.06114196777344
8.67006778717041,50.06114196777344
8.670072555541992,50.06114196777344
8.670076370239258,50.06114196777344
8.670080184936523,50.06114196777344
8.670084953308105,50.06114196777344
8.670089721679688,50.06114196777344
8.670093536376953,50.06114196777344
8.670098304748535,50.06114196777344
8.670103073120117,50.06114196777344
8.6701078414917,50.06114196777344
8.670112609863281,50.06114196777344
8.670117378234863,50.06114196777344
8.670122146606445,50.06114196777344
8.670127868652344,50.06114196777344
8.670132637023926,50.06114196777344
8.670137405395508,50.06114196777344
8.67014217376709,50.0611457824707
8.670147895812988,50.0611457824707
8.67015266418457,50.0611457824707
8.670157432556152,50.0611457824707
8.67016315460205,50.0611457824707
8.670167922973633,50.0611457824707
8.670173645019531,50.0611457824707
8.670178413391113,50.0611457824707
8.670184135437012,50.0611457824707
8.670188903808594,50.0611457824707
8.670194625854492,50.0611457824707
8.67020034790039,50.0611457824707
8.670205116271973,50.0611457824707
8.670210838317871,50.0611457824707
8.670215606689453,50.0611457824707
8.670221328735352,50.0611457824707
8.67022705078125,50.0611457824707
8.670231819152832,50.0611457824707
8.67023754119873,50.0611457824707
8.670243263244629,50.0611457824707
8.670248031616211,50.0611457824707
8.67025375366211,50.0611457824707
8.670259475708008,50.0611457824707
8.67026424407959,50.0611457824707
8.670269966125488,50.0611457824707
8.670275688171387,50.0611457824707
8.670280456542969,50.0611457824707
8.670286178588867,50.0611457824707
8.67029094696045,50.0611457824707
8.670296669006348,50.0611457824707
8.670302391052246,50.0611457824707
8.670307159423828,50.0611457824707
8.670312881469727,50.0611457824707
8.670317649841309,50.0611457824707
8.670323371887207,50.0611457824707
8.670329093933105,50.0611457824707
8.670334815979004,50.0611457824707
8.670339584350586,50.0611457824707
8.670345306396484,50.0611457824707
8.670351028442383,50.0611457824707
8.670356750488281,50.0611457824707
8.67036247253418,50.0611457824707
8.670368194580078,50.0611457824707
8.67037296295166,50.0611457824707
8.670378684997559,50.0611457824707
8.670384407043457,50.0611457824707
8.670390129089355,50.0611457824707
8.670395851135254,50.0611457824707
8.670401573181152,50.0611457824707
8.67040729522705,50.0611457824707
8.67041301727295,50.0611457824707
8.670418739318848,50.0611457824707
8.670424461364746,50.0611457824707
8.670430183410645,50.0611457824707
8.670435905456543,50.0611457824707
8.670441627502441,50.0611457824707
8.67044734954834,50.0611457824707
8.670454025268555,50.0611457824707
8.670459747314453,50.0611457824707
8.670465469360352,50.0611457824707
8.67047119140625,50.0611457824707
8.670477867126465,50.0611457824707
8.670483589172363,50.0611457824707
8.670490264892578,50.0611457824707
8.670495986938477,50.0611457824707
8.670501708984375,50.0611457824707
8.67050838470459,50.0611457824707
8.670514106750488,50.0611457824707
8.670520782470703,50.0611457824707
8.670527458190918,50.0611457824707
8.670533180236816,50.0611457824707
8.670539855957031,50.0611457824707
8.67054557800293,50.0611457824707
8.670552253723145,50.0611457824707
8.67055892944336,50.0611457824707
8.670565605163574,50.0611457824707
8.670571327209473,50.0611457824707
8.670578002929688,50.0611457824707
8.670584678649902,50.0611457824707
8.670591354370117,50.0611457824707
8.670598030090332,50.0611457824707
8.67060375213623,50.0611457824707
8.670610427856445,50.0611457824707
8.67061710357666,50.06114959716797
8.670623779296875,50.06114959716797
8.67063045501709,50.06114959716797
8.670637130737305,50.06114959716797
8.67064380645752,50.06114959716797
8.670650482177734,50.06114959716797
8.67065715789795,50.06114959716797
8.670663833618164,50.06114959716797
8.670670509338379,50.06114959716797
8.67067813873291,50.06114959716797
8.670684814453125,50.06114959716797
8.67069149017334,50.06114959716797
8.670698165893555,50.06114959716797
8.67070484161377,50.06114959716797
8.670711517333984,50.06114959716797
8.670719146728516,50.06114959716797
8.67072582244873,50.06114959716797
8.670732498168945,50.06114959716797
8.670740127563477,50.06114959716797
8.670746803283691,50.06114959716797
8.670754432678223,50.06114959716797
8.670761108398438,50.06114959716797
8.670767784118652,50.06114959716797
8.670775413513184,50.06114959716797
8.670782089233398,50.06114959716797
8.670788764953613,50.06114959716797
8.670796394348145,50.06114959716797
8.67080307006836,50.06114959716797
8.67081069946289,50.06114959716797
8.670817375183105,50.06114959716797
8.67082405090332,50.06114959716797
8.670831680297852,50.06114959716797
8.670838356018066,50.06114959716797
8.670845031738281,50.06114959716797
8.670852661132812,50.06114959716797
8.670859336853027,50.06114959716797
8.670866012573242,50.06114959716797
8.670872688293457,50.06114959716797
8.670880317687988,50.06114959716797
8.670886993408203,50.06114959716797
8.670893669128418,50.06114959716797
8.670899391174316,50.061153411865234
8.670906066894531,50.061153411865234
8.670912742614746,50.061153411865234
8.670919418334961,50.061153411865234
8.67092514038086,50.061153411865234
8.670931816101074,50.061153411865234
8.670937538146973,50.061153411865234
8.670944213867188,50.061153411865234
8.670949935913086,50.061153411865234
8.670955657958984,50.061153411865234
8.670961380004883,50.061153411865234
8.670967102050781,50.061153411865234
8.67097282409668,50.061153411865234
8.670978546142578,50.061153411865234
8.67098331451416,50.061153411865234
8.670989036560059,50.061153411865234
8.67099380493164,50.061153411865234
8.670998573303223,50.061153411865234
8.671003341674805,50.061153411865234
8.67100715637207,50.061153411865234
8.671011924743652,50.061153411865234
8.671015739440918,50.061153411865234
8.6710205078125,50.061153411865234
8.671024322509766,50.061153411865234
8.671028137207031,50.061153411865234
8.671031951904297,50.061153411865234
8.671034812927246,50.061153411865234
8.671038627624512,50.061153411865234
8.671041488647461,50.061153411865234
8.67104434967041,50.061153411865234
8.67104721069336,50.061153411865234
8.671050071716309,50.061153411865234
8.671052932739258,50.061153411865234
8.67105484008789,50.061153411865234
8.67105770111084,50.061153411865234
8.671059608459473,50.061153411865234
8.671061515808105,50.061153411865234
8.671063423156738,50.061153411865234
8.671065330505371,50.061153411865234
8.671066284179688,50.061153411865234
8.67106819152832,50.061153411865234
8.671069145202637,50.061153411865234
8.671070098876953,50.061153411865234
8.67107105255127,50.061153411865234
8.671072006225586,50.061153411865234
8.671072959899902,50.061153411865234
8.671073913574219,50.061153411865234
