8.660290718078613,50.060943603515625
8.660297393798828,50.060943603515625
8.660304069519043,50.060943603515625
8.660310745239258,50.06094741821289
8.660317420959473,50.06094741821289
8.660324096679688,50.06094741821289
8.660330772399902,50.06094741821289
8.660337448120117,50.06094741821289
8.660344123840332,50.06094741821289
8.660350799560547,50.06094741821289
8.660357475280762,50.06094741821289
8.660364151000977,50.06094741821289
8.660370826721191,50.06094741821289
8.660377502441406,50.06094741821289
8.660384178161621,50.06094741821289
8.66038990020752,50.06094741821289
8.660396575927734,50.06094741821289
8.66040325164795,50.060951232910156
8.660409927368164,50.060951232910156
8.660416603088379,50.060951232910156
8.660423278808594,50.060951232910156
8.660429954528809,50.060951232910156
8.660436630249023,50.060951232910156
8.660443305969238,50.060951232910156
8.660449981689453,50.060951232910156
8.660455703735352,50.060951232910156
8.660462379455566,50.060951232910156
8.660469055175781,50.060951232910156
8.660475730895996,50.060951232910156
8.660481452941895,50.060951232910156
8.66048812866211,50.060951232910156
8.660494804382324,50.060951232910156
8.660500526428223,50.060951232910156
8.660506248474121,50.060951232910156
8.660512924194336,50.060951232910156
8.660518646240234,50.060951232910156
8.660524368286133,50.060951232910156
8.660531044006348,50.060951232910156
8.660536766052246,50.060951232910156
8.660542488098145,50.06095504760742
8.660548210144043,50.06095504760742
8.660553932189941,50.06095504760742
8.66055965423584,50.06095504760742
8.660565376281738,50.06095504760742
8.660571098327637,50.06095504760742
8.660576820373535,50.06095504760742
8.660582542419434,50.06095504760742
8.660588264465332,50.06095504760742
8.66059398651123,50.06095504760742
8.660599708557129,50.06095504760742
8.660605430603027,50.06095504760742
8.66061019897461,50.06095504760742
8.660615921020508,50.06095504760742
8.660621643066406,50.06095504760742
8.660626411437988,50.06095504760742
8.660632133483887,50.06095504760742
8.660637855529785,50.06095504760742
8.660642623901367,50.06095504760742
8.660648345947266,50.06095504760742
8.660653114318848,50.06095504760742
8.660658836364746,50.06095504760742
8.660663604736328,50.06095504760742
8.660669326782227,50.06095886230469
8.660674095153809,50.06095886230469
8.660679817199707,50.06095886230469
8.660684585571289,50.06095886230469
8.660690307617188,50.06095886230469
8.66069507598877,50.06095886230469
8.660700798034668,50.06095886230469
8.66070556640625,50.06095886230469
8.660711288452148,50.06095886230469
8.66071605682373,50.06095886230469
8.660720825195312,50.06096267700195
8.660725593566895,50.06096267700195
8.660730361938477,50.06096267700195
8.660735130310059,50.06096267700195
8.66073989868164,50.06096267700195
8.660744667053223,50.06096267700195
8.660749435424805,50.06096267700195
8.660754203796387,50.06096267700195
8.660758972167969,50.06096267700195
8.660762786865234,50.06096649169922
8.660767555236816,50.06096649169922
8.660772323608398,50.06096649169922
8.66077709197998,50.06096649169922
8.660781860351562,50.06096649169922
8.660786628723145,50.06096649169922
8.660791397094727,50.06096649169922
8.660796165466309,50.060970306396484
8.66080093383789,50.060970306396484
8.660805702209473,50.060970306396484
8.660810470581055,50.060970306396484
8.660815238952637,50.060970306396484
8.660820007324219,50.060970306396484
8.6608247756958,50.060970306396484
8.660829544067383,50.06097412109375
8.660834312438965,50.06097412109375
8.660839080810547,50.06097412109375
8.660843849182129,50.06097412109375
8.660848617553711,50.06097412109375
8.660853385925293,50.06097412109375
8.660859107971191,50.060977935791016
8.660863876342773,50.060977935791016
8.660868644714355,50.060977935791016
8.660874366760254,50.060977935791016
8.660879135131836,50.060977935791016
8.660883903503418,50.060977935791016
8.660889625549316,50.060977935791016
8.660894393920898,50.06098175048828
8.660900115966797,50.06098175048828
8.660904884338379,50.06098175048828
8.660910606384277,50.06098175048828
8.660916328430176,50.06098175048828
8.660921096801758,50.06098175048828
8.660926818847656,50.06098175048828
8.660932540893555,50.06098556518555
8.660937309265137,50.06098556518555
8.660943031311035,50.06098556518555
8.660948753356934,50.06098556518555
8.660954475402832,50.06098556518555
8.66096019744873,50.06098556518555
8.660964965820312,50.06098556518555
8.660970687866211,50.06098556518555
8.66097640991211,50.06098937988281
8.660982131958008,50.06098937988281
8.660987854003906,50.06098937988281
8.660993576049805,50.06098937988281
8.660999298095703,50.06098937988281
8.661005020141602,50.06098937988281
8.6610107421875,50.06098937988281
8.661016464233398,50.06098937988281
8.661023139953613,50.06099319458008
8.661028861999512,50.06099319458008
8.66103458404541,50.06099319458008
8.661040306091309,50.06099319458008
8.661046981811523,50.06099319458008
8.661052703857422,50.06099319458008
8.661059379577637,50.06099319458008
8.661065101623535,50.06099319458008
8.66107177734375,50.06099319458008
8.661077499389648,50.060997009277344
8.661084175109863,50.060997009277344
8.661089897155762,50.060997009277344
8.661096572875977,50.060997009277344
8.661102294921875,50.060997009277344
8.66110897064209,50.060997009277344
8.661115646362305,50.060997009277344
8.661121368408203,50.060997009277344
8.661128044128418,50.060997009277344
8.661134719848633,50.060997009277344
8.661140441894531,50.060997009277344
8.661147117614746,50.06100082397461
8.661153793334961,50.06100082397461
8.66115951538086,50.06100082397461
8.661166191101074,50.06100082397461
8.661172866821289,50.06100082397461
8.661178588867188,50.06100082397461
8.661185264587402,50.06100082397461
8.6611909866333,50.06100082397461
8.661197662353516,50.06100082397461
8.66120433807373,50.06100082397461
8.661210060119629,50.06100082397461
8.661216735839844,50.06100082397461
8.661222457885742,50.06100082397461
8.661229133605957,50.06100082397461
8.661235809326172,50.06100082397461
8.66124153137207,50.06100082397461
8.661248207092285,50.06100082397461
8.661253929138184,50.06100082397461
8.661260604858398,50.06100082397461
8.661266326904297,50.061004638671875
8.661273002624512,50.061004638671875
8.66127872467041,50.061004638671875
8.661285400390625,50.061004638671875
8.661291122436523,50.061004638671875
8.661297798156738,50.061004638671875
8.661303520202637,50.061004638671875
8.661309242248535,50.061004638671875
8.66131591796875,50.061004638671875
8.661321640014648,50.061004638671875
8.661327362060547,50.061004638671875
8.661334037780762,50.061004638671875
8.66133975982666,50.061004638671875
8.661345481872559,50.061004638671875
8.661351203918457,50.061004638671875
8.661356925964355,50.061004638671875
8.66136360168457,50.061004638671875
8.661369323730469,50.061004638671875
8.661375045776367,50.061004638671875
8.661380767822266,50.061004638671875
8.661386489868164,50.061004638671875
8.661392211914062,50.061004638671875
8.661397933959961,50.061004638671875
8.66140365600586,50.061004638671875
8.661409378051758,50.061004638671875
8.661415100097656,50.061004638671875
8.661420822143555,50.061004638671875
8.661426544189453,50.061004638671875
8.661432266235352,50.061004638671875
8.66143798828125,50.061004638671875
8.661443710327148,50.061004638671875
8.661449432373047,50.061004638671875
8.661455154418945,50.061004638671875
8.661460876464844,50.061004638671875
8.661466598510742,50.061004638671875
8.66147232055664,50.061004638671875
8.661478042602539,50.061004638671875
8.661483764648438,50.061004638671875
8.661489486694336,50.061004638671875
8.661495208740234,50.061004638671875
8.661500930786133,50.061004638671875
8.661506652832031,50.061004638671875
8.66151237487793,50.061004638671875
8.661517143249512,50.061004638671875
8.66152286529541,50.061004638671875
8.661528587341309,50.061004638671875
8.661534309387207,50.061004638671875
8.661540031433105,50.061004638671875
8.661545753479004,50.061004638671875
8.661550521850586,50.061004638671875
8.661556243896484,50.061004638671875
8.661561965942383,50.061004638671875
8.661567687988281,50.061004638671875
8.66157341003418,50.061004638671875
8.661578178405762,50.061004638671875
8.66158390045166,50.061004638671875
8.661589622497559,50.061004638671875
8.661595344543457,50.061004638671875
8.661600112915039,50.061004638671875
8.661605834960938,50.061004638671875
8.661611557006836,50.061004638671875
8.661617279052734,50.06100845336914
8.661623001098633,50.06100845336914
8.661627769470215,50.06100845336914
8.661633491516113,50.06100845336914
8.661639213562012,50.06100845336914
8.66164493560791,50.06100845336914
8.661650657653809,50.06100845336914
8.66165542602539,50.06100845336914
8.661661148071289,50.06100845336914
8.661666870117188,50.06100845336914
8.661672592163086,50.06100845336914
8.661678314208984,50.06100845336914
8.661684036254883,50.06100845336914
8.661688804626465,50.06100845336914
8.661694526672363,50.06100845336914
8.661700248718262,50.06100845336914
8.66170597076416,50.06100845336914
8.661711692810059,50.06100845336914
8.661717414855957,50.06100845336914
8.661723136901855,50.06100845336914
8.661727905273438,50.06100845336914
8.661733627319336,50.06100845336914
8.661739349365234,50.06100845336914
8.661745071411133,50.06100845336914
8.661750793457031,50.06100845336914
8.66175651550293,50.06100845336914
8.661762237548828,50.06100845336914
8.661767959594727,50.06100845336914
8.661772727966309,50.06100845336914
8.661778450012207,50.06100845336914
8.661784172058105,50.06100845336914
8.661789894104004,50.06100845336914
8.661795616149902,50.06100845336914
8.6618013381958,50.06100845336914
8.6618070602417,50.06100845336914
8.661812782287598,50.06100845336914
8.661818504333496,50.06100845336914
8.661824226379395,50.06100845336914
8.661828994750977,50.06100845336914
8.661834716796875,50.06100845336914
8.661840438842773,50.06100845336914
8.661846160888672,50.06100845336914
8.66185188293457,50.06100845336914
8.661857604980469,50.06100845336914
8.661863327026367,50.06100845336914
8.661869049072266,50.06100845336914
8.661874771118164,50.06100845336914
8.661880493164062,50.06100845336914
8.661886215209961,50.06100845336914
8.66189193725586,50.06100845336914
8.661897659301758,50.06100845336914
8.661903381347656,50.06100845336914
8.661909103393555,50.06100845336914
8.661914825439453,50.06100845336914
8.661920547485352,50.06100845336914
8.66192626953125,50.06100845336914
8.661931991577148,50.06100845336914
8.661937713623047,50.06100845336914
8.661943435668945,50.06100845336914
8.661949157714844,50.06100845336914
8.661954879760742,50.06100845336914
8.66196060180664,50.06100845336914
8.661966323852539,50.06100845336914
8.661972045898438,50.06100845336914
8.661977767944336,50.06100845336914
8.661983489990234,50.06100845336914
8.661989212036133,50.06100845336914
8.661994934082031,50.06100845336914
8.662001609802246,50.06100845336914
8.662007331848145,50.06100845336914
8.662013053894043,50.06100845336914
8.662018775939941,50.06100845336914
8.66202449798584,50.06100845336914
8.662030220031738,50.06100845336914
8.662035942077637,50.06100845336914
8.662041664123535,50.06100845336914
8.662047386169434,50.06100845336914
8.662053108215332,50.06100845336914
8.66205883026123,50.06100845336914
8.662064552307129,50.06100845336914
8.662071228027344,50.06100845336914
8.662076950073242,50.06100845336914
8.66208267211914,50.061012268066406
8.662088394165039,50.061012268066406
8.662094116210938,50.061012268066406
8.662099838256836,50.061012268066406
8.662105560302734,50.061012268066406
8.662111282348633,50.061012268066406
8.662117958068848,50.061012268066406
8.662123680114746,50.061012268066406
8.662129402160645,50.061012268066406
8.662135124206543,50.061012268066406
8.662140846252441,50.061012268066406
8.662147521972656,50.061012268066406
8.662153244018555,50.061012268066406
8.662158966064453,50.061012268066406
8.662164688110352,50.061012268066406
8.66217041015625,50.061012268066406
8.662176132202148,50.061012268066406
8.662182807922363,50.061012268066406
8.662188529968262,50.061012268066406
8.66219425201416,50.061012268066406
8.662199974060059,50.061012268066406
8.662205696105957,50.061012268066406
8.662211418151855,50.061012268066406
8.662217140197754,50.061012268066406
8.662222862243652,50.061012268066406
8.662229537963867,50.061012268066406
8.662235260009766,50.061012268066406
8.662240982055664,50.061012268066406
8.662246704101562,50.061012268066406
8.662252426147461,50.061012268066406
8.66225814819336,50.061012268066406
8.662263870239258,50.061012268066406
8.662269592285156,50.061012268066406
8.662275314331055,50.061012268066406
8.662281036376953,50.061012268066406
8.662286758422852,50.061012268066406
8.66229248046875,50.061012268066406
8.662298202514648,50.061012268066406
8.662303924560547,50.061012268066406
8.662309646606445,50.061012268066406
8.662315368652344,50.061012268066406
8.662320137023926,50.061012268066406
8.662325859069824,50.061012268066406
8.662331581115723,50.061012268066406
8.662337303161621,50.061012268066406
8.66234302520752,50.061012268066406
8.662348747253418,50.061012268066406
8.662354469299316,50.061012268066406
8.662360191345215,50.061012268066406
8.662365913391113,50.061012268066406
8.662370681762695,50.061012268066406
8.662376403808594,50.061012268066406
8.662382125854492,50.061012268066406
8.66238784790039,50.061012268066406
8.662393569946289,50.061012268066406
8.662399291992188,50.061012268066406
8.662405014038086,50.061012268066406
8.662409782409668,50.06101608276367
8.662415504455566,50.06101608276367
8.662421226501465,50.06101608276367
8.662426948547363,50.06101608276367
8.662432670593262,50.06101608276367
8.662437438964844,50.06101608276367
8.662443161010742,50.06101608276367
8.66244888305664,50.06101608276367
8.662454605102539,50.06101608276367
8.662460327148438,50.06101608276367
8.66246509552002,50.06101608276367
8.662470817565918,50.06101608276367
8.662476539611816,50.06101608276367
8.662482261657715,50.06101608276367
8.662487983703613,50.06101608276367
8.662492752075195,50.06101608276367
8.662498474121094,50.06101608276367
8.662504196166992,50.06101608276367
8.66250991821289,50.06101608276367
8.662515640258789,50.06101608276367
8.662520408630371,50.06101608276367
8.66252613067627,50.06101608276367
8.662531852722168,50.06101608276367
8.662537574768066,50.06101608276367
8.662543296813965,50.06101608276367
8.662548065185547,50.06101608276367
8.662553787231445,50.06101608276367
8.662559509277344,50.06101608276367
8.662565231323242,50.06101608276367
8.66257095336914,50.06101608276367
8.662575721740723,50.06101608276367
8.662581443786621,50.06101608276367
8.66258716583252,50.06101989746094
8.662592887878418,50.06101989746094
8.66259765625,50.06101989746094
8.662603378295898,50.06101989746094
8.662609100341797,50.06101989746094
8.662614822387695,50.06101989746094
8.662619590759277,50.06101989746094
8.662625312805176,50.06101989746094
8.662631034851074,50.06101989746094
8.662636756896973,50.06101989746094
8.662641525268555,50.06101989746094
8.662647247314453,50.06101989746094
8.662652969360352,50.06101989746094
8.66265869140625,50.06101989746094
8.662663459777832,50.06101989746094
8.66266918182373,50.06101989746094
8.662674903869629,50.06101989746094
8.662679672241211,50.06101989746094
8.66268539428711,50.06101989746094
8.662691116333008,50.06101989746094
8.66269588470459,50.06101989746094
8.662701606750488,50.06101989746094
8.662707328796387,50.06101989746094
8.662712097167969,50.06101989746094
8.662717819213867,50.06101989746094
8.662723541259766,50.06101989746094
8.662728309631348,50.0610237121582
8.662734031677246,50.0610237121582
8.662739753723145,50.0610237121582
8.662744522094727,50.0610237121582
8.662750244140625,50.0610237121582
8.662755966186523,50.0610237121582
8.662760734558105,50.0610237121582
8.662766456604004,50.0610237121582
8.662771224975586,50.0610237121582
8.662776947021484,50.0610237121582
8.662781715393066,50.0610237121582
8.662787437438965,50.0610237121582
8.662793159484863,50.0610237121582
8.662797927856445,50.0610237121582
8.662803649902344,50.0610237121582
8.662808418273926,50.0610237121582
8.662814140319824,50.0610237121582
8.662818908691406,50.0610237121582
8.662824630737305,50.0610237121582
8.662829399108887,50.0610237121582
8.662835121154785,50.0610237121582
8.662839889526367,50.0610237121582
8.662845611572266,50.0610237121582
8.662850379943848,50.0610237121582
8.662856101989746,50.0610237121582
8.662860870361328,50.0610237121582
8.662866592407227,50.0610237121582
8.662871360778809,50.06102752685547
8.662877082824707,50.06102752685547
8.662881851196289,50.06102752685547
8.662886619567871,50.06102752685547
8.66289234161377,50.06102752685547
8.662897109985352,50.06102752685547
8.66290283203125,50.06102752685547
8.662907600402832,50.06102752685547
8.662912368774414,50.06102752685547
8.662918090820312,50.06102752685547
8.662922859191895,50.06102752685547
8.662927627563477,50.06102752685547
8.662933349609375,50.06102752685547
8.662938117980957,50.06102752685547
8.662942886352539,50.06102752685547
8.662948608398438,50.06102752685547
8.66295337677002,50.06102752685547
8.662958145141602,50.06102752685547
8.662962913513184,50.06102752685547
8.662968635559082,50.06102752685547
8.662973403930664,50.06102752685547
8.662978172302246,50.06102752685547
8.662983894348145,50.06102752685547
8.662988662719727,50.06102752685547
8.662993431091309,50.06102752685547
8.66299819946289,50.06102752685547
8.663003921508789,50.06102752685547
8.663008689880371,50.06102752685547
8.663013458251953,50.06102752685547
8.663018226623535,50.06102752685547
8.663022994995117,50.06102752685547
8.663028717041016,50.06102752685547
8.663033485412598,50.06102752685547
8.66303825378418,50.06102752685547
8.663043022155762,50.061031341552734
8.663047790527344,50.061031341552734
8.663052558898926,50.061031341552734
8.663058280944824,50.061031341552734
8.663063049316406,50.061031341552734
8.663067817687988,50.061031341552734
8.66307258605957,50.061031341552734
8.663077354431152,50.061031341552734
8.663082122802734,50.061031341552734
8.663086891174316,50.061031341552734
8.663091659545898,50.061031341552734
8.66309642791748,50.061031341552734
8.663101196289062,50.061031341552734
8.663105964660645,50.061031341552734
8.663110733032227,50.061031341552734
8.663115501403809,50.061031341552734
8.66312026977539,50.061031341552734
8.663125038146973,50.061031341552734
8.663129806518555,50.061031341552734
8.663134574890137,50.061031341552734
8.663139343261719,50.061031341552734
8.6631441116333,50.061031341552734
8.663148880004883,50.061031341552734
8.663153648376465,50.061031341552734
8.663158416748047,50.061031341552734
8.663163185119629,50.061031341552734
8.663167953491211,50.061031341552734
8.663172721862793,50.061031341552734
8.663177490234375,50.061031341552734
8.663182258605957,50.061031341552734
8.663187026977539,50.061031341552734
8.663191795349121,50.061031341552734
8.663196563720703,50.061031341552734
8.663201332092285,50.061031341552734
8.663206100463867,50.061031341552734
8.66321086883545,50.061031341552734
8.663215637207031,50.061031341552734
8.663220405578613,50.061031341552734
8.663225173950195,50.061031341552734
8.663229942321777,50.061031341552734
8.66323471069336,50.061031341552734
8.663239479064941,50.061031341552734
8.663243293762207,50.061031341552734
8.663248062133789,50.061031341552734
8.663252830505371,50.061031341552734
8.663257598876953,50.061031341552734
8.663262367248535,50.061031341552734
8.663267135620117,50.061031341552734
8.6632719039917,50.061031341552734
8.663276672363281,50.061031341552734
8.663281440734863,50.061031341552734
8.663286209106445,50.061031341552734
8.663290977478027,50.061031341552734
8.66329574584961,50.061031341552734
8.663300514221191,50.061031341552734
8.663304328918457,50.061031341552734
8.663309097290039,50.061031341552734
8.663313865661621,50.061031341552734
8.663318634033203,50.061031341552734
8.663323402404785,50.061031341552734
8.663328170776367,50.061031341552734
8.66333293914795,50.061031341552734
8.663337707519531,50.061031341552734
8.663342475891113,50.061031341552734
8.663347244262695,50.061031341552734
8.663352012634277,50.061031341552734
8.66335678100586,50.061031341552734
8.663361549377441,50.061031341552734
8.663366317749023,50.061031341552734
8.663371086120605,50.061031341552734
8.663375854492188,50.061031341552734
8.66338062286377,50.061031341552734
8.663384437561035,50.061031341552734
8.663389205932617,50.061031341552734
8.6633939743042,50.06103515625
8.663398742675781,50.06103515625
8.663403511047363,50.06103515625
8.663408279418945,50.06103515625
8.663413047790527,50.06103515625
8.66341781616211,50.06103515625
8.663422584533691,50.06103515625
8.663427352905273,50.06103515625
8.663432121276855,50.06103515625
8.663436889648438,50.06103515625
8.66344165802002,50.06103515625
8.663446426391602,50.06103515625
8.663451194763184,50.06103515625
8.663455963134766,50.06103515625
8.663459777832031,50.06103515625
8.663464546203613,50.06103515625
8.663469314575195,50.06103515625
8.663474082946777,50.06103515625
8.66347885131836,50.06103515625
8.663483619689941,50.06103515625
8.663488388061523,50.06103515625
8.663493156433105,50.06103515625
8.663497924804688,50.06103515625
8.66350269317627,50.06103515625
8.663507461547852,50.06103515625
8.663511276245117,50.06103515625
8.6635160446167,50.06103515625
8.663520812988281,50.06103515625
8.663525581359863,50.06103515625
8.663530349731445,50.06103515625
8.663535118103027,50.06103515625
8.66353988647461,50.06103515625
8.663544654846191,50.06103515625
8.663548469543457,50.06103515625
8.663553237915039,50.06103515625
8.663558006286621,50.06103515625
8.663562774658203,50.06103515625
8.663567543029785,50.06103515625
8.663572311401367,50.06103515625
8.66357707977295,50.06103515625
8.663581848144531,50.06103515625
8.663586616516113,50.06103515625
8.663590431213379,50.06103515625
8.663595199584961,50.06103515625
8.663599967956543,50.06103515625
8.663604736328125,50.06103515625
8.663609504699707,50.06103515625
8.663614273071289,50.061038970947266
8.663619041442871,50.061038970947266
8.663623809814453,50.061038970947266
8.663628578186035,50.061038970947266
8.663633346557617,50.061038970947266
8.6636381149292,50.061038970947266
8.663642883300781,50.061038970947266
8.663647651672363,50.061038970947266
8.663652420043945,50.061038970947266
8.663657188415527,50.061038970947266
8.66366195678711,50.061038970947266
8.663666725158691,50.061038970947266
8.663671493530273,50.061038970947266
8.663676261901855,50.061038970947266
8.663681030273438,50.061038970947266
8.66368579864502,50.061038970947266
8.663690567016602,50.061038970947266
8.663695335388184,50.061038970947266
8.663700103759766,50.061038970947266
8.663704872131348,50.061038970947266
8.66370964050293,50.061038970947266
8.663714408874512,50.061038970947266
8.663719177246094,50.061038970947266
8.663723945617676,50.061038970947266
8.663729667663574,50.061038970947266
8.663734436035156,50.061038970947266
8.663739204406738,50.061038970947266
8.66374397277832,50.061038970947266
8.663748741149902,50.061038970947266
8.663753509521484,50.061038970947266
8.663758277893066,50.061038970947266
8.663763999938965,50.061038970947266
8.663768768310547,50.061038970947266
8.663773536682129,50.061038970947266
8.663778305053711,50.061038970947266
8.66378402709961,50.061038970947266
8.663788795471191,50.061038970947266
8.663793563842773,50.061038970947266
8.663798332214355,50.06104278564453
8.663804054260254,50.06104278564453
8.663808822631836,50.06104278564453
8.663813591003418,50.06104278564453
8.663818359375,50.06104278564453
8.663824081420898,50.06104278564453
8.66382884979248,50.06104278564453
8.663833618164062,50.06104278564453
8.663839340209961,50.06104278564453
8.663844108581543,50.06104278564453
8.663848876953125,50.06104278564453
8.663854598999023,50.06104278564453
8.663859367370605,50.06104278564453
8.663864135742188,50.06104278564453
8.663869857788086,50.06104278564453
8.663874626159668,50.06104278564453
8.663880348205566,50.06104278564453
8.663885116577148,50.06104278564453
8.66388988494873,50.06104278564453
8.663895606994629,50.06104278564453
8.663900375366211,50.06104278564453
8.66390609741211,50.06104278564453
8.663910865783691,50.06104278564453
8.663915634155273,50.06104278564453
8.663921356201172,50.06104278564453
8.663926124572754,50.06104278564453
8.663931846618652,50.06104278564453
8.663936614990234,50.06104278564453
8.663941383361816,50.06104278564453
8.663947105407715,50.06104278564453
8.663951873779297,50.06104278564453
8.663957595825195,50.06104278564453
8.663962364196777,50.06104278564453
8.66396713256836,50.06104278564453
8.663972854614258,50.06104278564453
8.66397762298584,50.0610466003418
8.663983345031738,50.0610466003418
8.66398811340332,50.0610466003418
8.663992881774902,50.0610466003418
8.6639986038208,50.0610466003418
8.664003372192383,50.0610466003418
8.664009094238281,50.0610466003418
8.664013862609863,50.0610466003418
8.664018630981445,50.0610466003418
8.664024353027344,50.0610466003418
8.664029121398926,50.0610466003418
8.664034843444824,50.0610466003418
8.664039611816406,50.0610466003418
8.664044380187988,50.0610466003418
8.664050102233887,50.0610466003418
8.664054870605469,50.0610466003418
8.664060592651367,50.0610466003418
8.66406536102295,50.0610466003418
8.664071083068848,50.0610466003418
8.66407585144043,50.0610466003418
8.664081573486328,50.0610466003418
8.66408634185791,50.0610466003418
8.664091110229492,50.0610466003418
8.66409683227539,50.06105041503906
8.664101600646973,50.06105041503906
8.664107322692871,50.06105041503906
8.664112091064453,50.06105041503906
8.664117813110352,50.06105041503906
8.664122581481934,50.06105041503906
8.664128303527832,50.06105041503906
8.664133071899414,50.06105041503906
8.664138793945312,50.06105041503906
8.664143562316895,50.06105041503906
8.664149284362793,50.06105041503906
8.664154052734375,50.06105041503906
8.664159774780273,50.06105041503906
8.664164543151855,50.06105041503906
8.664170265197754,50.06105041503906
8.664175033569336,50.06105041503906
8.664180755615234,50.06105041503906
8.664185523986816,50.06105041503906
8.664191246032715,50.06105041503906
8.664196014404297,50.06105041503906
8.664201736450195,50.06105041503906
8.664206504821777,50.06105422973633
8.664212226867676,50.06105422973633
8.664216995239258,50.06105422973633
8.664222717285156,50.06105422973633
8.664227485656738,50.06105422973633
8.66423225402832,50.06105422973633
8.664237976074219,50.06105422973633
8.6642427444458,50.06105422973633
8.6642484664917,50.06105422973633
8.664253234863281,50.06105422973633
8.66425895690918,50.06105422973633
8.664263725280762,50.06105422973633
8.66426944732666,50.06105422973633
8.664274215698242,50.06105422973633
8.66427993774414,50.06105422973633
8.664284706115723,50.06105422973633
8.664290428161621,50.06105422973633
8.664295196533203,50.06105422973633
8.664300918579102,50.06105422973633
8.664305686950684,50.06105422973633
8.664311408996582,50.06105422973633
8.664316177368164,50.061058044433594
8.664321899414062,50.061058044433594
8.664326667785645,50.061058044433594
8.664332389831543,50.061058044433594
8.664337158203125,50.061058044433594
8.664342880249023,50.061058044433594
8.664347648620605,50.061058044433594
8.664353370666504,50.061058044433594
8.664358139038086,50.061058044433594
8.664362907409668,50.061058044433594
8.664368629455566,50.061058044433594
8.664373397827148,50.061058044433594
8.664379119873047,50.061058044433594
8.664383888244629,50.061058044433594
8.664388656616211,50.061058044433594
8.66439437866211,50.061058044433594
8.664399147033691,50.061058044433594
8.664403915405273,50.061058044433594
8.664408683776855,50.061058044433594
8.664413452148438,50.061058044433594
8.66441822052002,50.061058044433594
8.664422988891602,50.06106185913086
8.664427757263184,50.06106185913086
8.664432525634766,50.06106185913086
8.664437294006348,50.06106185913086
8.66444206237793,50.06106185913086
8.664445877075195,50.06106185913086
8.664450645446777,50.06106185913086
8.664454460144043,50.06106185913086
8.664458274841309,50.06106185913086
8.66446304321289,50.06106185913086
8.664466857910156,50.06106185913086
8.664470672607422,50.06106185913086
8.664473533630371,50.06106185913086
8.664477348327637,50.06106185913086
8.664481163024902,50.06106185913086
8.664484024047852,50.06106185913086
8.664487838745117,50.06106185913086
8.664490699768066,50.06106185913086
8.664493560791016,50.06106185913086
8.664497375488281,50.06106185913086
8.66450023651123,50.06106185913086
8.66450309753418,50.06106185913086
8.664505958557129,50.06106185913086
8.664508819580078,50.06106185913086
8.664510726928711,50.06106185913086
8.66451358795166,50.06106185913086
8.66451644897461,50.06106185913086
8.664518356323242,50.06106185913086
8.664521217346191,50.06106185913086
8.664523124694824,50.061065673828125
8.664525032043457,50.061065673828125
8.664527893066406,50.061065673828125
8.664529800415039,50.061065673828125
8.664531707763672,50.061065673828125
8.664533615112305,50.061065673828125
8.664535522460938,50.061065673828125
8.66453742980957,50.061065673828125
8.664539337158203,50.061065673828125
8.664541244506836,50.061065673828125
8.664542198181152,50.061065673828125
8.664544105529785,50.061065673828125
8.664545059204102,50.061065673828125
8.664546966552734,50.061065673828125
8.66454792022705,50.061065673828125
8.664549827575684,50.061065673828125
8.66455078125,50.061065673828125
8.664551734924316,50.061065673828125
8.664552688598633,50.061065673828125
8.66455364227295,50.061065673828125
8.664554595947266,50.061065673828125
8.664555549621582,50.061065673828125
8.664555549621582,50.061065673828125
8.664556503295898,50.061065673828125
8.664557456970215,50.061065673828125
8.664557456970215,50.061065673828125
8.664557456970215,50.061065673828125
8.664558410644531,50.061065673828125
8.664558410644531,50.061065673828125
8.664558410644531,50.061065673828125
8.664558410644531,50.061065673828125
8.664558410644531,50.061065673828125
8.664558410644531,50.061065673828125
8.664558410644531,50.061065673828125
8.664558410644531,50.061065673828125
8.664558410644531,50.061065673828125
8.664558410644531,50.061065673828125
8.664558410644531,50.061065673828125
8.664558410644531,50.061065673828125
8.664558410644531,50.061065673828125
8.664558410644531,50.061065673828125
8.664558410644531,50.061065673828125
8.664558410644531,50.061065673828125
8.664558410644531,50.061065673828125
8.664558410644531,50.061065673828125
8.664558410644531,50.061065673828125
8.664558410644531,50.061065673828125
8.664558410644531,50.061065673828125
8.664558410644531,50.061065673828125
